132.0	0.0	0.946594049921259
131.0	0.0	0.207533079665154
132.0	0.1	0.311126002809033
131.0	0.1	0.31151665863581
131.0	0.2	0.353684412315488
131.0	0.3	0.0261507970280945
131.0	0.4	0.176122000906616
130.0	0.5	0.133345968322828
130.0	0.6	0.00952470651827753
131.0	0.7	0.119714853586629
130.0	0.7	0.20633837627247
129.0	0.8	0.246416632318869
129.0	0.7	0.255095921922475
128.0	0.8	0.408219400560483
127.0	0.9	0.00700381281785667
126.0	0.8	0.321693476988003
125.0	0.9	0.114687013672665
124.0	0.8	0.0265154798980802
125.0	0.7	0.169144016690552
124.0	0.6	0.193357728654519
123.0	0.6	0.221038105431944
123.0	0.7	0.254653015872464
122.0	0.7	0.390648363856599
121.0	0.6	0.484306243481115
120.0	0.7	0.513426343910396
119.0	0.6	0.592061139876023
118.0	0.7	0.593084938358516
117.0	0.8	0.529781978344545
116.0	0.8	0.615155304083601
115.0	0.8	0.517937772907317
114.0	0.8	0.0727213001810014
114.0	0.7	0.196671824436635
114.0	0.6	0.300711414311081
113.0	0.7	0.389534991467372
112.0	0.7	0.0865626116283238
111.0	0.7	0.132697943830863
110.0	0.7	0.246930563356727
109.0	0.6	0.0813870369456708
108.0	0.6	0.117740267887712
107.0	0.7	0.229481235845014
108.0	0.7	0.325696628540754
107.0	0.6	0.328919384162873
106.0	0.5	0.374251505825669
105.0	0.6	0.0644604458939284
104.0	0.7	0.279471730347723
103.0	0.6	0.475488184951246
103.0	0.7	0.62430107081309
102.0	0.8	0.633337070932612
101.0	0.8	0.755017269635573
100.0	0.7	0.623553786193952
100.0	0.6	0.592456378508359
99.0	0.5	0.355874688131735
98.0	0.5	0.0530242323875427
98.0	0.4	0.221489838557318
98.0	0.3	0.085574084892869
99.0	0.2	0.115845791529864
99.0	0.1	0.142179157352075
98.0	0.2	0.191500595537946
98.0	0.1	0.256217428017408
97.0	0.0	0.177877744426951
96.0	0.1	0.202394395833835
95.0	0.1	0.35083537036553
94.0	0.2	0.508521225769073
94.0	0.3	0.57688302686438
95.0	0.4	0.0225530827883631
94.0	0.4	0.262257226509973
93.0	0.4	0.297131278552115
93.0	0.5	0.455126102780923
92.0	0.6	0.552718909690157
91.0	0.6	0.5589193564374
90.0	0.5	0.590987122850493
89.0	0.5	0.637100940803066
88.0	0.6	0.553184213815257
87.0	0.6	0.432554307160899
86.0	0.7	0.496729348320514
85.0	0.7	0.0420740547124296
84.0	0.6	0.274649405153468
83.0	0.5	0.0118571436032653
82.0	0.5	0.0316248207818717
83.0	0.4	0.0586098984349519
82.0	0.3	0.0765700244810432
82.0	0.2	0.141607870813459
82.0	0.1	0.113487164722756
81.0	0.0	0.314792826073244
80.0	0.0	0.38584448909387
79.0	0.0	0.0988737605512142
78.0	0.1	0.143979632528499
77.0	0.2	0.0351059609092772
77.0	0.3	0.146897742291912
76.0	0.2	0.283291673287749
75.0	0.2	0.44001449062489
74.0	0.1	0.0546049687545747
74.0	0.2	0.158694475889206
73.0	0.3	0.345468000508845
73.0	0.4	0.396120906807482
74.0	0.4	0.518529936904088
75.0	0.4	0.588291773106903
74.0	0.5	0.601367628434673
74.0	0.6	0.605878256261349
73.0	0.7	0.627954864874482
74.0	0.8	0.127492279279977
73.0	0.8	0.329181043663993
72.0	0.7	0.303822589339688
71.0	0.8	0.110942558385432
71.0	0.9	0.234243653714657
70.0	0.8	0.351090979995206
69.0	0.8	0.629207871155813
68.0	0.8	0.672849520109594
69.0	0.9	0.712599236983806
68.0	0.9	0.808771932497621
67.0	0.8	0.898963737301528
66.0	0.9	0.791671803686768
65.0	0.8	0.860515292501077
64.0	0.8	0.931348868180066
63.0	0.8	0.974783601239324
62.0	0.7	0.997745546745136
61.0	0.8	0.991105306427926
60.0	0.8	0.971939171431586
59.0	0.9	0.776912369765341
58.0	0.9	0.396675410447642
57.0	0.8	0.499393333448097
56.0	0.9	0.071745993103832
55.0	0.9	0.400651921983808
54.0	0.9	0.714656627736986
53.0	0.8	0.748483000556007
52.0	0.8	0.6556424156297
51.0	0.8	0.112888137577102
50.0	0.9	0.29370292974636
50.0	0.8	0.350611145375296
49.0	0.8	0.45946549391374
49.0	0.7	0.6382670996245
49.0	0.6	0.360893865115941
48.0	0.5	0.0643470666836947
47.0	0.6	0.3341564910952
47.0	0.7	0.391161692561582
46.0	0.8	0.0294906590133905
45.0	0.8	0.0597407664172351
44.0	0.9	0.13847016938962
45.0	0.9	0.479590523289517
44.0	0.8	0.680526740616187
43.0	0.7	0.579162866342813
42.0	0.7	0.00125265750102699
41.0	0.6	0.0477747027762234
40.0	0.6	0.0959583523217589
39.0	0.6	0.256607749499381
40.0	0.7	0.332153186202049
39.0	0.8	0.00978305004537106
38.0	0.9	0.0269609282258898
38.0	0.8	0.0747441020794213
37.0	0.9	0.149230880429968
36.0	0.9	0.35801719664596
35.0	0.9	0.0604551907163113
34.0	0.8	0.274207996902987
33.0	0.7	0.475756681524217
33.0	0.6	0.0848856028169394
32.0	0.6	0.165796824730933
31.0	0.7	0.221335447160527
31.0	0.6	0.403986801858991
30.0	0.5	0.0105105084367096
29.0	0.5	0.188167889835313
28.0	0.5	0.106655290583149
27.0	0.5	0.0543994605541229
26.0	0.6	0.2093376503326
26.0	0.7	0.0574488313868642
25.0	0.6	0.137105069123209
24.0	0.5	0.104405869264156
24.0	0.4	0.222416563425213
23.0	0.4	0.407138061942533
22.0	0.4	0.0271780346520245
22.0	0.5	0.150746185798198
21.0	0.4	0.176860831677914
21.0	0.5	0.185528453672305
20.0	0.6	0.176437193294987
19.0	0.5	0.0553598632104695
18.0	0.5	0.0481483510229737
17.0	0.4	0.0304804537445307
18.0	0.3	0.221679726382717
17.0	0.2	0.208892171038315
16.0	0.2	0.333014165284112
16.0	0.3	0.516514630522579
17.0	0.3	0.544972661882639
18.0	0.2	0.66701424960047
19.0	0.3	0.753423016518354
19.0	0.4	0.854546256130561
18.0	0.4	0.895078682806343
17.0	0.5	0.673446912318468
16.0	0.5	0.591015641810372
15.0	0.5	0.57805083389394
14.0	0.5	0.628025252604857
13.0	0.6	0.665087679633871
14.0	0.7	0.642649402609095
13.0	0.8	0.106856008758768
13.0	0.9	0.123693220084533
12.0	0.9	0.372507160762325
11.0	0.9	0.308063294040039
10.0	0.8	0.234126334311441
9.0	0.7	0.29451157618314
8.0	0.8	0.449376952834427
7.0	0.8	0.485417284071445
6.0	0.7	0.465184823377058
5.0	0.7	0.570379995508119
4.0	0.8	0.797997733810917
3.0	0.8	0.870537044480443
2.0	0.9	0.0665254031773657
1.0	0.9	0.0
