  102   31       29.
  102   32       85.
  102   33        1.
  102   41       51.
  102   42      216.
  102   43        6.
  102   51       95.
  102   52      117.
  102   53        1.
  102   61      104.
  102   62      245.
  102   63       10.
  102   71       55.
  102   72      450.
  102   73       21.
  102   81      105.
  102   82      789.
  102   83      137.
  102   84        2.
  102   85        3.
  102   91      226.
  102   92     1302.
  102   93      448.
  102   94       28.
  102   95       14.
  102  101      457.
  102  102     2293.
  102  103      358.
  102  104       46.
  102  105       16.
  102  111      577.
  102  112     2088.
  102  113      171.
  102  114       26.
  102  115        2.
  102  121      318.
  102  122      945.
  102  123       90.
  102  124        1.
  102  131      143.
  102  132      301.
  102  133        6.
  102  141       99.
  102  142      120.
  102  143        1.
  102  151       47.
  102  152       48.
  102  161       22.
  102  162        7.
  102  171       18.
  102  172        2.
  102  181        6.
  102  182        2.
  102  191        2.
  102  192        5.
  102  201        3.
  102  202        2.
  102  211        8.
  102  212        3.
  102  221        1.
  102  232        1.
  102  241        3.
  102  242        7.
  102  251       11.
  102  261        4.

  104   33        6.
  104   34      107.
  104   35       30.
  104   43        6.
  104   44      461.
  104   45      310.
  104   53       11.
  104   54      547.
  104   55      389.
  104   63        5.
  104   64      403.
  104   65      314.
  104   73        5.
  104   74      430.
  104   75      457.
  104   83        4.
  104   84      384.
  104   85      532.
  104   86        1.
  104   93        3.
  104   94      390.
  104   95      624.
  104  103        3.
  104  104      503.
  104  105      712.
  104  113        1.
  104  114       70.
  104  115       88.
  104  124        2.
  104  125        2.

  105   34      123.
  105   35       52.
  105   43        6.
  105   44      596.
  105   45      387.
  105   53        5.
  105   54      765.
  105   55      657.
  105   63        7.
  105   64      500.
  105   65      663.
  105   66        4.
  105   73        2.
  105   74      594.
  105   75     1171.
  105   76        5.
  105   83        4.
  105   84      461.
  105   85     1340.
  105   86       12.
  105   94      383.
  105   95     1535.
  105   96       78.
  105  104      494.
  105  105     1737.
  105  106      294.
  105  114      105.
  105  115      397.
  105  116      278.
  105  124        3.
  105  125       48.
  105  126       93.
  105  136        1.

  106   35       24.
  106   36        5.
  106   45      105.
  106   46        3.
  106   55       55.
  106   56       12.
  106   64        1.
  106   65       62.
  106   66       32.
  106   75       82.
  106   76       61.
  106   85      221.
  106   86      190.
  106   94        3.
  106   95      642.
  106   96      706.
  106  104        4.
  106  105     1475.
  106  106     2312.
  106  107       11.
  106  115     1113.
  106  116     2753.
  106  117       17.
  106  125      363.
  106  126     1535.
  106  127       66.
  106  135      105.
  106  136      621.
  106  137       37.
  106  145       14.
  106  146      140.
  106  147        7.
  106  155        5.
  106  156       13.
  106  165        5.

  107   57        4.
  107   67       70.
  107   68       35.
  107   76        1.
  107   77      487.
  107   78     1861.
  107   86        1.
  107   87      933.
  107   88     4463.
  107   96        2.
  107   97      899.
  107   98     2393.
  107  106        4.
  107  107      755.
  107  108      608.
  107  116        1.
  107  117       96.
  107  118       71.
  107  127       22.
  107  128       14.
  107  137        9.
  107  138       11.
  107  147        3.
  107  148       20.
  107  157        1.
  107  158       36.

  108   47        1.
  108   56        2.
  108   57        6.
  108   66        1.
  108   67       37.
  108   68       45.
  108   77      481.
  108   78     2114.
  108   86        1.
  108   87      921.
  108   88     4591.
  108   97      622.
  108   98     2636.
  108  106        3.
  108  107      326.
  108  108      863.
  108  116        2.
  108  117       64.
  108  118       70.
  108  127        8.
  108  128        6.

  112   31        4.
  112   32        1.
  112   41        8.
  112   42        3.
  112   43        9.
  112   51        2.
  112   52       38.
  112   53       37.
  112   61       28.
  112   62      146.
  112   63       18.
  112   71       54.
  112   72      297.
  112   73       14.
  112   81       90.
  112   82      581.
  112   83       33.
  112   91      275.
  112   92      980.
  112   93       91.
  112  101      606.
  112  102     1670.
  112  103       96.
  112  111      947.
  112  112     2518.
  112  113       80.
  112  121      666.
  112  122     1758.
  112  123       80.
  112  124        2.
  112  131      334.
  112  132      545.
  112  133       48.
  112  134        2.
  112  141      260.
  112  142      262.
  112  143       28.
  112  144        2.
  112  151       83.
  112  152       90.
  112  153        7.
  112  162        6.
  112  163        1.

  114   33        6.
  114   34      163.
  114   35       43.
  114   43        6.
  114   44      432.
  114   45      315.
  114   53        8.
  114   54      580.
  114   55      439.
  114   63        7.
  114   64      486.
  114   65      414.
  114   73        7.
  114   74      500.
  114   75      810.
  114   76        1.
  114   83        5.
  114   84      390.
  114   85      926.
  114   86        5.
  114   93        8.
  114   94      500.
  114   95     1280.
  114   96       27.
  114  103       10.
  114  104     1811.
  114  105     2151.
  114  106       69.
  114  113        4.
  114  114      750.
  114  115      514.
  114  116       52.
  114  124       22.
  114  125       29.
  114  126       20.
  114  127        1.
  114  134        1.
  114  136        5.
  114  137        3.

  115   33       17.
  115   34      162.
  115   35       43.
  115   43       15.
  115   44      452.
  115   45      266.
  115   53        5.
  115   54      646.
  115   55      584.
  115   63        1.
  115   64      509.
  115   65      574.
  115   73        5.
  115   74      489.
  115   75      780.
  115   76        1.
  115   83        7.
  115   84      417.
  115   85     1095.
  115   86        1.
  115   93        6.
  115   94      543.
  115   95     1670.
  115   96       12.
  115  103        5.
  115  104     1051.
  115  105     2413.
  115  106       30.
  115  113        2.
  115  114      354.
  115  115      589.
  115  116       32.
  115  124        8.
  115  125       14.
  115  126        2.

  116   35       11.
  116   45       15.
  116   55        4.
  116   56        1.
  116   65       16.
  116   66        4.
  116   75       56.
  116   76       22.
  116   84        1.
  116   85       85.
  116   86       48.
  116   95      222.
  116   96      205.
  116  105      551.
  116  106     1042.
  116  107        3.
  116  115      555.
  116  116     2317.
  116  117       23.
  116  125      302.
  116  126     3427.
  116  127      176.
  116  134        1.
  116  135      164.
  116  136     2609.
  116  137       82.
  116  145       66.
  116  146      648.
  116  147        1.
  116  155       23.
  116  156       68.
  116  165       11.
  116  166       36.
  116  175        4.
  116  176        1.

  117   58        1.
  117   66        1.
  117   67       35.
  117   68       37.
  117   77      372.
  117   78     1218.
  117   87      631.
  117   88     2477.
  117   96        4.
  117   97     1673.
  117   98     1690.
  117  106       16.
  117  107     2450.
  117  108      813.
  117  116       12.
  117  117      727.
  117  118      117.
  117  126        5.
  117  127       93.
  117  128       23.
  117  136        2.
  117  137       46.
  117  138       36.
  117  147       23.
  117  148       69.
  117  157       11.
  117  158      205.
  117  167        2.
  117  168       11.

  118   77        2.
  118   78       14.
  118   86        1.
  118   87       38.
  118   88       76.
  118   96        5.
  118   97      616.
  118   98      225.
  118  106        7.
  118  107     1039.
  118  108      202.
  118  116        4.
  118  117      259.
  118  118      202.
  118  126        2.
  118  127      188.
  118  128      289.
  118  136        1.
  118  137      172.
  118  138      410.
  118  139        2.
  118  146        3.
  118  147      105.
  118  148     1870.
  118  149       32.
  118  156        4.
  118  157      158.
  118  158     6210.
  118  159       23.
  118  167       87.
  118  168      548.
  118  177        4.
  118  178        2.

  122   31        5.
  122   32       59.
  122   33        9.
  122   41       32.
  122   42       37.
  122   43        8.
  122   51      176.
  122   52       71.
  122   53       27.
  122   54        3.
  122   61      116.
  122   62      112.
  122   63        9.
  122   71       32.
  122   72      143.
  122   73        9.
  122   74        1.
  122   81       40.
  122   82      280.
  122   83       24.
  122   91      153.
  122   92      467.
  122   93       22.
  122  101      361.
  122  102     1016.
  122  103       76.
  122  111      605.
  122  112     1628.
  122  113      131.
  122  114        1.
  122  121      691.
  122  122     2027.
  122  123      145.
  122  131      628.
  122  132     1253.
  122  133       73.
  122  141      630.
  122  142      661.
  122  143       55.
  122  151      342.
  122  152      345.
  122  153       24.
  122  154        1.
  122  161       49.
  122  162       60.
  122  163        5.
  122  171       48.
  122  172       18.
  122  181       34.
  122  182        9.
  122  191       27.
  122  192       15.
  122  201        7.

  124   34       52.
  124   35       13.
  124   43        1.
  124   44      128.
  124   45       63.
  124   53        6.
  124   54      188.
  124   55      147.
  124   63        3.
  124   64      266.
  124   65      252.
  124   73        6.
  124   74      534.
  124   75      722.
  124   83       32.
  124   84      745.
  124   85     1099.
  124   86        7.
  124   93       42.
  124   94      861.
  124   95     1406.
  124   96        6.
  124  103       36.
  124  104     1437.
  124  105     1744.
  124  106        2.
  124  113       99.
  124  114     1266.
  124  115      936.
  124  123        3.
  124  124      415.
  124  125      258.
  124  134       15.
  124  135       10.

  125   33        1.
  125   34       32.
  125   35        2.
  125   43        1.
  125   44       33.
  125   45       25.
  125   54       84.
  125   55       90.
  125   63        1.
  125   64      225.
  125   65      236.
  125   73        4.
  125   74      627.
  125   75      709.
  125   83        4.
  125   84     1060.
  125   85     1407.
  125   86        1.
  125   93        8.
  125   94      974.
  125   95     1438.
  125   96        5.
  125  102        1.
  125  103       28.
  125  104      997.
  125  105     1209.
  125  106        9.
  125  113        9.
  125  114     1111.
  125  115     1280.
  125  116        5.
  125  123        3.
  125  124      449.
  125  125      617.
  125  134       39.
  125  135       53.
  125  144       13.
  125  145       10.

  126   75       10.
  126   76        4.
  126   85       28.
  126   86       15.
  126   95       78.
  126   96       66.
  126  105      220.
  126  106      358.
  126  115      301.
  126  116     1340.
  126  117       27.
  126  124        1.
  126  125      342.
  126  126     3700.
  126  127      208.
  126  134        1.
  126  135      295.
  126  136     3942.
  126  137      302.
  126  145      152.
  126  146     1243.
  126  147       70.
  126  155       24.
  126  156       67.
  126  165        3.
  126  166        3.

  127   76       10.
  127   77        1.
  127   86       20.
  127   87        8.
  127   88        2.
  127   96       27.
  127   97      131.
  127   98       27.
  127  106       37.
  127  107      254.
  127  108       48.
  127  116       28.
  127  117      130.
  127  118       22.
  127  126       16.
  127  127      353.
  127  128      152.
  127  136       17.
  127  137      526.
  127  138      441.
  127  146       16.
  127  147      364.
  127  148     2240.
  127  149       50.
  127  156       15.
  127  157      287.
  127  158     6871.
  127  159       24.
  127  166        2.
  127  167      118.
  127  168      556.
  127  177        2.
  127  178        5.

  128  118        3.
  128  127        4.
  128  128      104.
  128  137       15.
  128  138      190.
  128  139        2.
  128  147       29.
  128  148     1240.
  128  149       62.
  128  157       79.
  128  158     4603.
  128  159       13.
  128  167       76.
  128  168      368.
  128  177       11.
  128  178        1.

  131   31        1.
  131   32       20.
  131   41        3.
  131   42       46.
  131   51        5.
  131   52       35.
  131   61       18.
  131   62       52.
  131   63        2.
  131   71       20.
  131   72       42.
  131   81       57.
  131   82       61.
  131   83        4.
  131   91      167.
  131   92      205.
  131   93       21.
  131   94        6.
  131  101      356.
  131  102      340.
  131  103       33.
  131  104        4.
  131  111      534.
  131  112      459.
  131  113       38.
  131  114        2.
  131  121      795.
  131  122      654.
  131  123       19.
  131  131     1372.
  131  132      691.
  131  133       19.
  131  141     1521.
  131  142      695.
  131  143       25.
  131  144        3.
  131  151      866.
  131  152      396.
  131  153       20.
  131  154        9.
  131  161      536.
  131  162      210.
  131  163       25.
  131  164        7.
  131  171      459.
  131  172      227.
  131  173       26.
  131  174        4.
  131  181      423.
  131  182      159.
  131  183       16.
  131  191      276.
  131  192      109.
  131  193       21.
  131  201      159.
  131  202       62.
  131  203       11.
  131  211      113.
  131  212       66.
  131  213        7.
  131  221       83.
  131  222       38.
  131  223        7.
  131  231       72.
  131  232       17.
  131  233       13.
  131  240        2.
  131  241       22.
  131  242        1.
  131  243        4.
  131  250        1.
  131  251        1.
  131  253        4.
  131  263        3.

  132   32        2.
  132   42       19.
  132   43        5.
  132   52        9.
  132   53        5.
  132   62       25.
  132   63        3.
  132   71        5.
  132   72       87.
  132   73        9.
  132   81       13.
  132   82      123.
  132   83       25.
  132   91       55.
  132   92      130.
  132   93       29.
  132  101      145.
  132  102      299.
  132  103       38.
  132  111      250.
  132  112      527.
  132  113       67.
  132  121      291.
  132  122      651.
  132  123       59.
  132  131      488.
  132  132      838.
  132  133       67.
  132  141      809.
  132  142      851.
  132  143       47.
  132  151      531.
  132  152      448.
  132  153       30.
  132  161       85.
  132  162      126.
  132  163       10.
  132  171       46.
  132  172       36.
  132  173        3.
  132  181       36.
  132  182       24.
  132  183        7.
  132  191       29.
  132  192       18.
  132  193        2.
  132  194        1.
  132  201       22.
  132  202       26.
  132  203        1.
  132  211       21.
  132  212       10.
  132  221       19.
  132  222       33.
  132  223        1.
  132  231        9.
  132  232       11.
  132  241        5.
  132  242       17.
  132  251        1.
  132  252        8.
  132  261        3.
  132  262        4.
  132  271        2.
  132  272        4.

  135   44       32.
  135   45       14.
  135   53       10.
  135   54       93.
  135   55       50.
  135   63        4.
  135   64      220.
  135   65      243.
  135   66        1.
  135   73        2.
  135   74      578.
  135   75      833.
  135   76        2.
  135   83        2.
  135   84      958.
  135   85     1636.
  135   86       26.
  135   93        4.
  135   94      729.
  135   95     1228.
  135   96       27.
  135  103        1.
  135  104      556.
  135  105      937.
  135  106       18.
  135  113        4.
  135  114      568.
  135  115      869.
  135  116       13.
  135  124      318.
  135  125      840.
  135  126       10.
  135  133        1.
  135  134      256.
  135  135      927.
  135  136       17.
  135  144      105.
  135  145      360.
  135  146       14.
  135  154       13.
  135  155      195.
  135  156        4.
  135  164        8.
  135  165       55.
  135  166        1.
  135  174        7.
  135  175       11.

  136   35        5.
  136   36        4.
  136   45        5.
  136   46        2.
  136   55       23.
  136   56        8.
  136   65       36.
  136   66       12.
  136   75       60.
  136   76       23.
  136   85       41.
  136   86       21.
  136   95      113.
  136   96       99.
  136   97        1.
  136  105      266.
  136  106      394.
  136  107       10.
  136  114        1.
  136  115      254.
  136  116      713.
  136  117       13.
  136  124        4.
  136  125      379.
  136  126     1994.
  136  127       69.
  136  134        4.
  136  135      558.
  136  136     4248.
  136  137      307.
  136  144        7.
  136  145      408.
  136  146     1630.
  136  147      132.
  136  148       40.
  136  154        4.
  136  155      185.
  136  156      225.
  136  157      182.
  136  158       76.
  136  164        4.
  136  165      101.
  136  166       51.
  136  167       64.
  136  168        8.
  136  175       15.
  136  177        1.

  137  107        3.
  137  116        1.
  137  117       15.
  137  118        6.
  137  126        4.
  137  127       67.
  137  128      143.
  137  136        5.
  137  137      510.
  137  138      597.
  137  139        3.
  137  146        1.
  137  147      262.
  137  148     2738.
  137  149       48.
  137  157      165.
  137  158     7649.
  137  159       26.
  137  167       87.
  137  168      463.
  137  177        5.
  137  178        2.

  138  118        1.
  138  128       17.
  138  137        5.
  138  138      386.
  138  139        3.
  138  147       31.
  138  148     2518.
  138  149       55.
  138  157      149.
  138  158     8791.
  138  159       37.
  138  167      140.
  138  168      647.
  138  177       16.
  138  178        4.

  139  138       17.
  139  139       18.
  139  147        6.
  139  148      227.
  139  149        5.
  139  157       17.
  139  158      857.
  139  159        3.
  139  167       31.
  139  168       76.
  139  176        1.
  139  177       19.
  139  178        5.
  139  185        1.
  139  186        7.
  139  187        6.
  139  196        4.

  141   31        7.
  141   32      122.
  141   33        5.
  141   41        5.
  141   42       54.
  141   43       34.
  141   51        4.
  141   52       43.
  141   53       31.
  141   61        2.
  141   62      100.
  141   63       40.
  141   64        2.
  141   71       23.
  141   72      169.
  141   73       31.
  141   81       69.
  141   82      232.
  141   83       26.
  141   91       85.
  141   92      203.
  141   93       36.
  141   94        1.
  141  101      172.
  141  102      285.
  141  103       23.
  141  111      372.
  141  112      386.
  141  113       20.
  141  121      569.
  141  122      559.
  141  123       35.
  141  124        1.
  141  131      841.
  141  132      739.
  141  133       23.
  141  141     1459.
  141  142      962.
  141  143       21.
  141  151     1119.
  141  152      544.
  141  153       18.
  141  161      462.
  141  162      316.
  141  163       43.
  141  171      336.
  141  172      234.
  141  173       18.
  141  174        1.
  141  181      312.
  141  182      164.
  141  183       14.
  141  191      271.
  141  192      133.
  141  193        5.
  141  201      212.
  141  202       93.
  141  203        2.
  141  211      200.
  141  212       43.
  141  213        2.
  141  220        2.
  141  221      134.
  141  222       19.
  141  223        2.
  141  231       86.
  141  232       17.
  141  241       94.
  141  242       22.
  141  251       51.
  141  252        3.
  141  261       24.
  141  271        5.
  141  281        7.
  141  291        1.

  142   41        6.
  142   42        5.
  142   51       19.
  142   52       28.
  142   53        3.
  142   61        2.
  142   62       12.
  142   71       11.
  142   72       20.
  142   73       12.
  142   81       24.
  142   82       88.
  142   83       26.
  142   91       92.
  142   92      182.
  142   93       45.
  142  101      146.
  142  102      262.
  142  103       52.
  142  104        1.
  142  111      172.
  142  112      338.
  142  113       24.
  142  121      231.
  142  122      461.
  142  123       41.
  142  131      316.
  142  132      555.
  142  133       39.
  142  134        2.
  142  141      460.
  142  142      539.
  142  143       21.
  142  144        1.
  142  151      198.
  142  152      254.
  142  153       12.
  142  161       73.
  142  162      130.
  142  163        1.
  142  171       38.
  142  172       88.
  142  173        2.
  142  181       16.
  142  182       60.
  142  183       10.
  142  191        7.
  142  192       35.
  142  193       13.
  142  194        1.
  142  201        2.
  142  202       18.
  142  203        4.
  142  204        1.
  142  212        1.

  145   34        1.
  145   35        2.
  145   44        4.
  145   45       38.
  145   46        2.
  145   54       22.
  145   55       58.
  145   56        3.
  145   64       87.
  145   65      174.
  145   66        3.
  145   73        1.
  145   74      224.
  145   75      364.
  145   76       10.
  145   83        2.
  145   84      306.
  145   85      709.
  145   86       21.
  145   93        1.
  145   94      240.
  145   95      560.
  145   96       56.
  145  103        1.
  145  104      159.
  145  105      600.
  145  106      141.
  145  114      212.
  145  115      826.
  145  116      269.
  145  123        1.
  145  124      251.
  145  125     1093.
  145  126      327.
  145  134      321.
  145  135     1558.
  145  136      567.
  145  137        1.
  145  144      252.
  145  145     1655.
  145  146      306.
  145  147        1.
  145  154      118.
  145  155      606.
  145  156       94.
  145  157        1.
  145  164       58.
  145  165      226.
  145  166       49.
  145  174       37.
  145  175       79.
  145  176       30.
  145  177        2.
  145  184       21.
  145  185       33.
  145  186        4.
  145  193        1.
  145  194        3.
  145  195        8.
  145  196        1.

  146   45        9.
  146   54        2.
  146   55       15.
  146   64        1.
  146   65       47.
  146   66        7.
  146   74        2.
  146   75       31.
  146   76        1.
  146   84        6.
  146   85       40.
  146   86       19.
  146   94        4.
  146   95       84.
  146   96       34.
  146  104        1.
  146  105      110.
  146  106      130.
  146  107        2.
  146  114        5.
  146  115      192.
  146  116      462.
  146  117        2.
  146  124       15.
  146  125      398.
  146  126     1121.
  146  127        4.
  146  133        1.
  146  134       31.
  146  135     1046.
  146  136     2757.
  146  137       11.
  146  144       44.
  146  145     1159.
  146  146     2325.
  146  147       30.
  146  148       32.
  146  154       11.
  146  155      491.
  146  156     1184.
  146  157       92.
  146  158       36.
  146  164       22.
  146  165      312.
  146  166      349.
  146  167       22.
  146  168        5.
  146  174        6.
  146  175       62.
  146  176       17.
  146  177        3.
  146  178        2.
  146  185        3.
  146  186        3.

  147  117        1.
  147  127        4.
  147  128       26.
  147  137       18.
  147  138      184.
  147  139        1.
  147  147       79.
  147  148     1364.
  147  149       26.
  147  157       85.
  147  158     4162.
  147  159       43.
  147  167       40.
  147  168      255.
  147  177        6.
  147  178        6.

  148  118        1.
  148  127        3.
  148  128       18.
  148  129        1.
  148  137        5.
  148  138      160.
  148  139        2.
  148  147       13.
  148  148     2617.
  148  149       57.
  148  157      134.
  148  158     8932.
  148  159       38.
  148  167      111.
  148  168      695.
  148  177        6.
  148  178        7.

  149  117        2.
  149  118        1.
  149  127       12.
  149  128      103.
  149  137       14.
  149  138      165.
  149  139        4.
  149  147       22.
  149  148     1115.
  149  149       49.
  149  157       71.
  149  158     4078.
  149  159        9.
  149  167       61.
  149  168      281.
  149  177       13.

  151   31        2.
  151   32       40.
  151   33        3.
  151   41       10.
  151   42       33.
  151   43        1.
  151   51        1.
  151   52       19.
  151   61        3.
  151   62       12.
  151   63        2.
  151   71        6.
  151   72       37.
  151   73        7.
  151   81       16.
  151   82       78.
  151   83        3.
  151   91       46.
  151   92      124.
  151   93       17.
  151  101      104.
  151  102      214.
  151  103        8.
  151  111      163.
  151  112      268.
  151  113       19.
  151  121      264.
  151  122      348.
  151  123       40.
  151  131      508.
  151  132      326.
  151  133       16.
  151  134        1.
  151  141      747.
  151  142      412.
  151  143       27.
  151  151     1234.
  151  152      501.
  151  153       28.
  151  154        5.
  151  155        8.
  151  161     1045.
  151  162      502.
  151  163        9.
  151  164        8.
  151  165       11.
  151  171      866.
  151  172      445.
  151  173       27.
  151  174       33.
  151  175        4.
  151  176        3.
  151  181      772.
  151  182      337.
  151  183       72.
  151  184       32.
  151  185        6.
  151  186        1.
  151  191      593.
  151  192      275.
  151  193       45.
  151  194       14.
  151  195       24.
  151  201      435.
  151  202      178.
  151  203       17.
  151  204        9.
  151  205        3.
  151  211      335.
  151  212      115.
  151  213       22.
  151  214        5.
  151  221      246.
  151  222      103.
  151  223       15.
  151  224        3.
  151  231      132.
  151  232       84.
  151  233        4.
  151  234        6.
  151  241      151.
  151  242       28.
  151  251       45.
  151  252        8.
  151  261       24.
  151  271        7.

  155   33        1.
  155   43        6.
  155   44       11.
  155   45        2.
  155   54        1.
  155   55        1.
  155   64        9.
  155   65       19.
  155   74       20.
  155   75       60.
  155   84       58.
  155   85      144.
  155   86        1.
  155   94       57.
  155   95      186.
  155   96        6.
  155  104       80.
  155  105      212.
  155  106       39.
  155  107        1.
  155  113        6.
  155  114      243.
  155  115      419.
  155  116       81.
  155  117        3.
  155  123        7.
  155  124      337.
  155  125      825.
  155  126      166.
  155  133        3.
  155  134      389.
  155  135     1595.
  155  136      444.
  155  137        1.
  155  143        4.
  155  144      487.
  155  145     2126.
  155  146      518.
  155  153        7.
  155  154      442.
  155  155     1786.
  155  156      284.
  155  163        7.
  155  164      309.
  155  165      644.
  155  166      100.
  155  173       13.
  155  174      222.
  155  175      213.
  155  176       19.
  155  183        8.
  155  184      148.
  155  185       14.
  155  194       16.

  156  117        6.
  156  126        4.
  156  127       25.
  156  128       16.
  156  136       23.
  156  137       91.
  156  138      113.
  156  139        3.
  156  145        1.
  156  146       57.
  156  147      395.
  156  148     1705.
  156  149       34.
  156  155        2.
  156  156      361.
  156  157     1048.
  156  158     6684.
  156  159       23.
  156  165        1.
  156  166      163.
  156  167      881.
  156  168      772.
  156  176       64.
  156  177      278.
  156  178       20.
  156  186       17.
  156  187       13.

  157  127        3.
  157  128       18.
  157  137        9.
  157  138      178.
  157  147       42.
  157  148     2336.
  157  149       50.
  157  157      336.
  157  158     8921.
  157  159       34.
  157  167      130.
  157  168      722.
  157  177       10.
  157  178       11.

  158  127        2.
  158  128       19.
  158  137        4.
  158  138      185.
  158  139        4.
  158  147       12.
  158  148     2357.
  158  149       50.
  158  157      180.
  158  158     9109.
  158  159       36.
  158  167      133.
  158  168      698.
  158  177        6.
  158  178        5.

  159  107        1.
  159  117        7.
  159  118        2.
  159  127        7.
  159  128       38.
  159  137       27.
  159  138      155.
  159  139        2.
  159  147      104.
  159  148     1260.
  159  149       22.
  159  157       80.
  159  158     4417.
  159  159       47.
  159  167       39.
  159  168      290.
  159  177        1.
  159  178        1.

  161   41        5.
  161   42        2.
  161   51       11.
  161   52        7.
  161   62        5.
  161   63        2.
  161   72       14.
  161   81        1.
  161   82       28.
  161   91        4.
  161   92       45.
  161   93        3.
  161  101       21.
  161  102       79.
  161  103        7.
  161  111       48.
  161  112       96.
  161  113       14.
  161  121      112.
  161  122      164.
  161  123       12.
  161  131      186.
  161  132      193.
  161  133       14.
  161  141      383.
  161  142      350.
  161  143       28.
  161  144        1.
  161  151      671.
  161  152      487.
  161  153       64.
  161  154        1.
  161  161     1114.
  161  162      546.
  161  163       36.
  161  164        1.
  161  165        5.
  161  171     1184.
  161  172      597.
  161  173       38.
  161  174        6.
  161  175       11.
  161  181     1012.
  161  182      569.
  161  183       34.
  161  184        9.
  161  185       12.
  161  191      908.
  161  192      469.
  161  193       34.
  161  194       16.
  161  200        2.
  161  201      772.
  161  202      296.
  161  203       37.
  161  204        5.
  161  210        2.
  161  211      588.
  161  212      172.
  161  213       29.
  161  214        1.
  161  220        1.
  161  221      397.
  161  222      112.
  161  223       14.
  161  230        2.
  161  231      222.
  161  232       44.
  161  233        2.
  161  240        4.
  161  241      170.
  161  242       34.
  161  243        6.
  161  250        3.
  161  251      118.
  161  252        8.
  161  253        1.
  161  260        4.
  161  261       63.
  161  270        2.
  161  271       11.
  161  280        3.
  161  281       14.
  161  291        2.

  165   64        5.
  165   65        4.
  165   73        1.
  165   74       29.
  165   75       21.
  165   76        5.
  165   83        1.
  165   84       67.
  165   85       68.
  165   86       11.
  165   93        1.
  165   94      122.
  165   95      114.
  165   96       30.
  165  104       98.
  165  105      166.
  165  106       76.
  165  107        1.
  165  114       99.
  165  115      247.
  165  116      220.
  165  117        3.
  165  124      154.
  165  125      475.
  165  126      373.
  165  127        8.
  165  133        1.
  165  134      214.
  165  135     1234.
  165  136      646.
  165  137       28.
  165  144      174.
  165  145     1838.
  165  146      754.
  165  147       29.
  165  148       14.
  165  154      197.
  165  155     2067.
  165  156      662.
  165  157       56.
  165  158       16.
  165  164      168.
  165  165     1525.
  165  166      297.
  165  167        7.
  165  174       80.
  165  175      306.
  165  176       41.
  165  184       21.
  165  185       21.
  165  186        5.

  166   97        4.
  166  107       10.
  166  116        1.
  166  117       19.
  166  126        2.
  166  127       22.
  166  128       21.
  166  136        2.
  166  137       66.
  166  138      123.
  166  139        2.
  166  146       17.
  166  147      178.
  166  148     1591.
  166  149       23.
  166  156       78.
  166  157      775.
  166  158     6592.
  166  159       20.
  166  165        1.
  166  166      457.
  166  167     1226.
  166  168      839.
  166  175        2.
  166  176      178.
  166  177      410.
  166  178       28.
  166  185        2.
  166  186       50.
  166  187       42.
  166  196       16.
  166  197        2.
  166  206        1.

  167  118        1.
  167  127        1.
  167  128       14.
  167  137        3.
  167  138      112.
  167  139        1.
  167  146        2.
  167  147       36.
  167  148     2199.
  167  149       45.
  167  156        1.
  167  157      257.
  167  158     8676.
  167  159       29.
  167  167      540.
  167  168      852.
  167  177       27.
  167  178        4.

  168  118        1.
  168  128       15.
  168  137        2.
  168  138      149.
  168  139        1.
  168  147       33.
  168  148     2249.
  168  149       44.
  168  157      171.
  168  158     9109.
  168  159       35.
  168  167      119.
  168  168      857.
  168  177       10.
  168  178        5.

  171   33        2.
  171   34        1.
  171   42        1.
  171   43       14.
  171   44       13.
  171   51        4.
  171   52       30.
  171   53       32.
  171   54        2.
  171   61        7.
  171   62       42.
  171   63       23.
  171   64        2.
  171   71        7.
  171   72       34.
  171   73       12.
  171   74        1.
  171   81       16.
  171   82       35.
  171   83        6.
  171   91       14.
  171   92       33.
  171   93        5.
  171  101       40.
  171  102       67.
  171  103        7.
  171  111       54.
  171  112      118.
  171  113       14.
  171  121       96.
  171  122      113.
  171  123       37.
  171  131      123.
  171  132      138.
  171  133       14.
  171  141      244.
  171  142      220.
  171  143       29.
  171  151      395.
  171  152      343.
  171  153       72.
  171  154        1.
  171  161      722.
  171  162      388.
  171  163       45.
  171  171     1168.
  171  172      471.
  171  173       59.
  171  174        3.
  171  181     1091.
  171  182      491.
  171  183       69.
  171  184        2.
  171  190        1.
  171  191      967.
  171  192      441.
  171  193       77.
  171  194        1.
  171  200        4.
  171  201      726.
  171  202      355.
  171  203       43.
  171  204        1.
  171  210        1.
  171  211      627.
  171  212      234.
  171  213       23.
  171  220        3.
  171  221      507.
  171  222      189.
  171  223       28.
  171  230       12.
  171  231      422.
  171  232      101.
  171  233       25.
  171  240       12.
  171  241      377.
  171  242       87.
  171  243        9.
  171  250        8.
  171  251      175.
  171  252       47.
  171  253        6.
  171  260       13.
  171  261      119.
  171  262       25.
  171  263        2.
  171  270       11.
  171  271       78.
  171  272        2.
  171  280       11.
  171  281       30.
  171  290        2.
  171  291       21.
  171  300        1.
  171  301        6.

  175   76        2.
  175   77        3.
  175   85        3.
  175   86       11.
  175   87        4.
  175   95        3.
  175   96       50.
  175   97        5.
  175  104        1.
  175  105       18.
  175  106       73.
  175  107        4.
  175  114        1.
  175  115       29.
  175  116      113.
  175  117        6.
  175  118        1.
  175  124        1.
  175  125       36.
  175  126      100.
  175  127       41.
  175  128        8.
  175  134        2.
  175  135       48.
  175  136      164.
  175  137      112.
  175  138       20.
  175  139        1.
  175  144        2.
  175  145       94.
  175  146      246.
  175  147      192.
  175  148      432.
  175  149        8.
  175  154        7.
  175  155      120.
  175  156      395.
  175  157      437.
  175  158     1730.
  175  159        1.
  175  164       15.
  175  165      297.
  175  166      574.
  175  167      838.
  175  168      485.
  175  173        4.
  175  174       28.
  175  175      729.
  175  176      914.
  175  177      686.
  175  178       48.
  175  183        4.
  175  184       54.
  175  185      583.
  175  186      977.
  175  187      255.
  175  188        2.
  175  193        7.
  175  194       54.
  175  195      346.
  175  196      636.
  175  197       36.
  175  203        7.
  175  204       41.
  175  205      262.
  175  206      216.
  175  207        1.
  175  214       18.
  175  215      118.
  175  216       25.
  175  225       16.

  176  127        2.
  176  128       10.
  176  138       97.
  176  139        1.
  176  147       30.
  176  148     1814.
  176  149       44.
  176  156        7.
  176  157      339.
  176  158     7304.
  176  159       23.
  176  166       42.
  176  167      977.
  176  168     1007.
  176  176      275.
  176  177      667.
  176  178       53.
  176  186       44.
  176  187       63.
  176  196        1.

  177  127        2.
  177  128       11.
  177  137        4.
  177  138       69.
  177  139        1.
  177  147       12.
  177  148      965.
  177  149       23.
  177  157       69.
  177  158     4050.
  177  159       12.
  177  167      166.
  177  168      439.
  177  177      152.
  177  178       15.
  177  186        1.
  177  187        9.

  178  118        1.
  178  127        3.
  178  128       10.
  178  137       11.
  178  138      133.
  178  139        3.
  178  147       18.
  178  148     2146.
  178  149       46.
  178  156        1.
  178  157      195.
  178  158     7990.
  178  159       19.
  178  166        1.
  178  167      376.
  178  168     1251.
  178  176        7.
  178  177      258.
  178  178      314.
  178  186        3.
  178  187       14.

  181   53        4.
  181   63        1.
  181   74        1.
  181   82        6.
  181   83        2.
  181   84        1.
  181   91        4.
  181   92       20.
  181   93       10.
  181  101       25.
  181  102       28.
  181  103       21.
  181  111       44.
  181  112       75.
  181  113       25.
  181  121       48.
  181  122      118.
  181  123       25.
  181  124        2.
  181  131      105.
  181  132      172.
  181  133       41.
  181  141      200.
  181  142      259.
  181  143       21.
  181  151      331.
  181  152      275.
  181  153       26.
  181  161      548.
  181  162      284.
  181  163       37.
  181  164        4.
  181  171      886.
  181  172      439.
  181  173       36.
  181  181     1338.
  181  182      484.
  181  183       24.
  181  191     1290.
  181  192      450.
  181  193       13.
  181  201     1098.
  181  202      435.
  181  203       12.
  181  211      854.
  181  212      336.
  181  213        5.
  181  221      619.
  181  222      175.
  181  223       10.
  181  230        1.
  181  231      477.
  181  232      114.
  181  233        7.
  181  240        1.
  181  241      371.
  181  242       50.
  181  243       10.
  181  250        2.
  181  251      251.
  181  252       31.
  181  253        1.
  181  260        2.
  181  261       99.
  181  262       21.
  181  263        2.
  181  271       64.
  181  272        9.
  181  281       15.
  181  282        3.
  181  291        1.
  181  292        1.

  185   96        1.
  185  106        5.
  185  107        1.
  185  115        1.
  185  116        7.
  185  117        1.
  185  125        2.
  185  126        2.
  185  127        3.
  185  128        6.
  185  135        4.
  185  136        4.
  185  137       16.
  185  138       50.
  185  139        3.
  185  144        3.
  185  145       15.
  185  146       47.
  185  147       99.
  185  148      850.
  185  149       23.
  185  154        1.
  185  155       45.
  185  156      120.
  185  157      456.
  185  158     3479.
  185  159       17.
  185  164       10.
  185  165       71.
  185  166      288.
  185  167     1044.
  185  168      697.
  185  174       14.
  185  175      226.
  185  176      646.
  185  177      808.
  185  178       48.
  185  184       24.
  185  185      589.
  185  186      934.
  185  187      365.
  185  194       46.
  185  195      507.
  185  196      631.
  185  197       16.
  185  204       20.
  185  205      256.
  185  206      146.
  185  214       10.
  185  215      118.
  185  216       16.
  185  224        3.
  185  225        6.

  186  128        3.
  186  137        2.
  186  138       93.
  186  139        2.
  186  147       20.
  186  148     1632.
  186  149       36.
  186  156        1.
  186  157      261.
  186  158     6746.
  186  159       23.
  186  166       13.
  186  167      609.
  186  168      876.
  186  176       49.
  186  177      575.
  186  178       56.
  186  186      316.
  186  187      231.
  186  195        1.
  186  196       51.
  186  197        4.

  187  128        7.
  187  137        1.
  187  138       66.
  187  139        1.
  187  147        2.
  187  148     1026.
  187  149       15.
  187  156        3.
  187  157      158.
  187  158     4129.
  187  159       13.
  187  166       10.
  187  167      334.
  187  168      585.
  187  176        8.
  187  177      390.
  187  178       64.
  187  186        9.
  187  187      179.

  191   72        1.
  191   81        4.
  191   82        1.
  191   91        4.
  191   92        3.
  191   93        2.
  191   94        1.
  191  101        7.
  191  102       14.
  191  103        6.
  191  104        2.
  191  111        5.
  191  112       28.
  191  121       46.
  191  122       52.
  191  123        2.
  191  131       99.
  191  132       76.
  191  133        2.
  191  141      217.
  191  142      101.
  191  143       10.
  191  151      253.
  191  152      161.
  191  153       12.
  191  161      347.
  191  162      230.
  191  163       13.
  191  164        1.
  191  171      564.
  191  172      377.
  191  173       14.
  191  174        1.
  191  181      824.
  191  182      410.
  191  183       19.
  191  184        4.
  191  185        1.
  191  191     1164.
  191  192      400.
  191  193       23.
  191  194        1.
  191  201     1049.
  191  202      356.
  191  203       46.
  191  204        4.
  191  211     1038.
  191  212      324.
  191  213       36.
  191  220        2.
  191  221      883.
  191  222      305.
  191  223       33.
  191  230        1.
  191  231      740.
  191  232      238.
  191  233       19.
  191  240        3.
  191  241      639.
  191  242      110.
  191  243       20.
  191  250        8.
  191  251      467.
  191  252       85.
  191  253        6.
  191  260       14.
  191  261      326.
  191  262       64.
  191  263        5.
  191  270       35.
  191  271      192.
  191  272       39.
  191  273        1.
  191  280       14.
  191  281       55.
  191  282       21.
  191  290       13.
  191  291       24.
  191  292        4.
  191  300       17.
  191  301       20.
  191  310       29.
  191  311        3.
  191  320       10.

  195   77        4.
  195   78        7.
  195   87        3.
  195   88       13.
  195   97        2.
  195   98        5.
  195  108        2.
  195  117        2.
  195  118        1.
  195  127        6.
  195  128        9.
  195  135        2.
  195  136        5.
  195  137       24.
  195  138       70.
  195  139        1.
  195  146       14.
  195  147       59.
  195  148     1191.
  195  149       28.
  195  155        1.
  195  156       51.
  195  157      347.
  195  158     4497.
  195  159       14.
  195  165       11.
  195  166      127.
  195  167      847.
  195  168      768.
  195  175       21.
  195  176      374.
  195  177      807.
  195  178       61.
  195  185       95.
  195  186      907.
  195  187      479.
  195  188        2.
  195  194        5.
  195  195      421.
  195  196      891.
  195  197       74.
  195  204       11.
  195  205      242.
  195  206      216.
  195  214       14.
  195  215       49.
  195  216        4.
  195  224       10.
  195  225        6.

  196  138        7.
  196  139       15.
  196  147        3.
  196  148      239.
  196  149        4.
  196  157       34.
  196  158      890.
  196  159        3.
  196  166        5.
  196  167       27.
  196  168       45.
  196  176        9.
  196  177        8.
  196  186        7.
  196  196        4.

  197  128        4.
  197  137       18.
  197  138       37.
  197  147        5.
  197  148      343.
  197  149       12.
  197  157       59.
  197  158     1387.
  197  159        3.
  197  166        1.
  197  167       89.
  197  168      188.
  197  176       12.
  197  177      114.
  197  178        5.
  197  186       44.
  197  187      137.
  197  188        1.
  197  196       56.
  197  197       84.
  197  206        1.

  201   83        7.
  201   92        3.
  201   93        4.
  201  102        9.
  201  103        1.
  201  111        7.
  201  112        9.
  201  113        1.
  201  121       28.
  201  122       40.
  201  123        6.
  201  131       41.
  201  132       81.
  201  133        1.
  201  141       48.
  201  142       85.
  201  143        7.
  201  151       99.
  201  152      130.
  201  153        6.
  201  161      178.
  201  162      179.
  201  163       10.
  201  171      430.
  201  172      266.
  201  173       11.
  201  181      717.
  201  182      403.
  201  183       18.
  201  184        1.
  201  191     1197.
  201  192      435.
  201  193       35.
  201  194        5.
  201  195        3.
  201  201     1724.
  201  202      459.
  201  203       37.
  201  204       10.
  201  205        1.
  201  210        1.
  201  211     1312.
  201  212      329.
  201  213       29.
  201  214        2.
  201  220        2.
  201  221      924.
  201  222      315.
  201  223       27.
  201  230        4.
  201  231      642.
  201  232      209.
  201  233       19.
  201  240        6.
  201  241      521.
  201  242      122.
  201  243        5.
  201  250        4.
  201  251      438.
  201  252       81.
  201  260       16.
  201  261      377.
  201  262       50.
  201  270       14.
  201  271      277.
  201  272       15.
  201  280       14.
  201  281      163.
  201  282        5.
  201  290       12.
  201  291       89.
  201  300       14.
  201  301       25.
  201  310        3.
  201  311        2.

  205  126        5.
  205  127        3.
  205  128        1.
  205  136        8.
  205  137       17.
  205  138       57.
  205  146        7.
  205  147       71.
  205  148     1344.
  205  149       26.
  205  156       24.
  205  157      389.
  205  158     5540.
  205  159        9.
  205  166       71.
  205  167      817.
  205  168      844.
  205  175        2.
  205  176      160.
  205  177      752.
  205  178       66.
  205  185       13.
  205  186      474.
  205  187      463.
  205  194        1.
  205  195       81.
  205  196      716.
  205  197       80.
  205  205      332.
  205  206      355.
  205  207        1.
  205  214        3.
  205  215       57.
  205  216       10.
  205  225        1.

  206   97       19.
  206   98        1.
  206  107       25.
  206  108        1.
  206  116        1.
  206  117        7.
  206  127        6.
  206  128       11.
  206  136        1.
  206  137        5.
  206  138      147.
  206  139        1.
  206  146        5.
  206  147       42.
  206  148     1698.
  206  149       38.
  206  156        6.
  206  157      281.
  206  158     6642.
  206  159       32.
  206  166       17.
  206  167      599.
  206  168      810.
  206  176       73.
  206  177      607.
  206  178       54.
  206  185        3.
  206  186      277.
  206  187      436.
  206  188        3.
  206  195       24.
  206  196      479.
  206  197       84.
  206  204        1.
  206  205       26.
  206  206      317.
  206  207        1.
  206  215       12.
  206  216        4.
  206  225        3.
  206  235        1.

  211   82        2.
  211   92       10.
  211   93       14.
  211  102       13.
  211  103        3.
  211  112        6.
  211  113        4.
  211  121        6.
  211  122       23.
  211  123       11.
  211  131       10.
  211  132       55.
  211  133       18.
  211  141       19.
  211  142       87.
  211  143       23.
  211  144        3.
  211  151       36.
  211  152       55.
  211  153       19.
  211  161       60.
  211  162       90.
  211  163       11.
  211  164        1.
  211  171      163.
  211  172      146.
  211  173       18.
  211  174        2.
  211  181      333.
  211  182      233.
  211  183       31.
  211  184        1.
  211  191      654.
  211  192      306.
  211  193       29.
  211  194        2.
  211  201     1154.
  211  202      399.
  211  203       29.
  211  210        3.
  211  211     1757.
  211  212      483.
  211  213       31.
  211  220        9.
  211  221     1579.
  211  222      304.
  211  223        8.
  211  230        9.
  211  231     1181.
  211  232      208.
  211  233        1.
  211  240       29.
  211  241     1033.
  211  242      145.
  211  250       20.
  211  251      767.
  211  252       77.
  211  260       24.
  211  261      468.
  211  262       29.
  211  270       26.
  211  271      246.
  211  272        4.
  211  280       25.
  211  281       93.
  211  282        1.
  211  290       17.
  211  291       86.
  211  300       32.
  211  301       23.
  211  310        1.
  211  311        2.

  215   97        3.
  215  107       12.
  215  108        3.
  215  116        6.
  215  117        6.
  215  125        1.
  215  126        1.
  215  127        4.
  215  128        1.
  215  135        2.
  215  136        9.
  215  137       38.
  215  138       20.
  215  145        4.
  215  146       31.
  215  147       91.
  215  148      577.
  215  149       11.
  215  155       14.
  215  156       81.
  215  157      304.
  215  158     2245.
  215  159        3.
  215  165       44.
  215  166      125.
  215  167      674.
  215  168      498.
  215  174        2.
  215  175       87.
  215  176      315.
  215  177      774.
  215  178       58.
  215  183        9.
  215  184       11.
  215  185      181.
  215  186      822.
  215  187      424.
  215  193       10.
  215  194       42.
  215  195      492.
  215  196     1161.
  215  197       74.
  215  203       14.
  215  204      167.
  215  205     1112.
  215  206      814.
  215  207        1.
  215  213        7.
  215  214      197.
  215  215      918.
  215  216       90.
  215  224       81.
  215  225      117.
  215  233        1.
  215  234        9.
  215  235        2.

  221  111        1.
  221  112        2.
  221  121        4.
  221  122       15.
  221  131        3.
  221  132       23.
  221  141       19.
  221  142       23.
  221  143        4.
  221  151       29.
  221  152       51.
  221  153        4.
  221  161       56.
  221  162       86.
  221  163        8.
  221  171      153.
  221  172      136.
  221  173       35.
  221  181      222.
  221  182      173.
  221  183       30.
  221  191      476.
  221  192      232.
  221  193       27.
  221  201      737.
  221  202      315.
  221  203       11.
  221  210        1.
  221  211      987.
  221  212      406.
  221  213       11.
  221  220        2.
  221  221     1584.
  221  222      409.
  221  223       22.
  221  224        2.
  221  230        2.
  221  231     1459.
  221  232      358.
  221  233       14.
  221  234        1.
  221  240        3.
  221  241     1346.
  221  242      245.
  221  243       10.
  221  250       11.
  221  251      920.
  221  252      142.
  221  253        1.
  221  260       28.
  221  261      747.
  221  262       52.
  221  270       35.
  221  271      517.
  221  272       14.
  221  280       39.
  221  281      304.
  221  282        4.
  221  290       56.
  221  291      152.
  221  292        2.
  221  300       11.
  221  301       28.

  231  113        5.
  231  123        5.
  231  133        5.
  231  134        6.
  231  141        2.
  231  142        4.
  231  143       11.
  231  144        8.
  231  151       13.
  231  152       11.
  231  153       16.
  231  154        2.
  231  161       12.
  231  162       41.
  231  163       24.
  231  164        4.
  231  171       30.
  231  172       37.
  231  173       25.
  231  174        2.
  231  181       53.
  231  182      101.
  231  183       28.
  231  184        2.
  231  191      155.
  231  192      157.
  231  193       40.
  231  194        1.
  231  200        1.
  231  201      401.
  231  202      281.
  231  203       39.
  231  204        7.
  231  205        1.
  231  210        3.
  231  211      730.
  231  212      291.
  231  213       42.
  231  214       14.
  231  215       14.
  231  220        7.
  231  221     1021.
  231  222      406.
  231  223       51.
  231  224       24.
  231  225        5.
  231  230       30.
  231  231     1668.
  231  232      494.
  231  233       46.
  231  234       33.
  231  235        4.
  231  240       26.
  231  241     1615.
  231  242      477.
  231  243       29.
  231  244        2.
  231  250       26.
  231  251     1202.
  231  252      371.
  231  253       43.
  231  260       23.
  231  261      786.
  231  262      147.
  231  263       11.
  231  270       48.
  231  271      549.
  231  272       44.
  231  280       70.
  231  281      371.
  231  282       17.
  231  290       95.
  231  291      217.
  231  292        1.
  231  300       73.
  231  301       90.
  231  310       46.
  231  311        5.
  231  320        3.

  241  153        4.
  241  161        3.
  241  162        7.
  241  163        6.
  241  171        9.
  241  172       34.
  241  173       10.
  241  181       37.
  241  182       73.
  241  183        4.
  241  191      115.
  241  192      148.
  241  193       14.
  241  201      294.
  241  202      177.
  241  203       33.
  241  204        4.
  241  211      435.
  241  212      263.
  241  213       65.
  241  214       15.
  241  215        5.
  241  221      538.
  241  222      341.
  241  223      112.
  241  224       18.
  241  225        6.
  241  230        1.
  241  231      844.
  241  232      448.
  241  233      119.
  241  234       16.
  241  240       12.
  241  241     1372.
  241  242      495.
  241  243      115.
  241  244        2.
  241  250       23.
  241  251     1320.
  241  252      437.
  241  253       48.
  241  260       35.
  241  261     1248.
  241  262      343.
  241  263        3.
  241  270       45.
  241  271     1027.
  241  272      124.
  241  273        5.
  241  280      100.
  241  281      714.
  241  282       25.
  241  290      169.
  241  291      480.
  241  292       15.
  241  300      145.
  241  301      182.
  241  302        1.
  241  310       76.
  241  311       19.
  241  320       22.

  251  122        3.
  251  132        1.
  251  142        2.
  251  151        4.
  251  152        4.
  251  161        5.
  251  162        4.
  251  163        2.
  251  171       12.
  251  172       22.
  251  173        2.
  251  181       31.
  251  182       27.
  251  183        3.
  251  191      121.
  251  192       57.
  251  201      193.
  251  202       93.
  251  203        2.
  251  211      277.
  251  212      141.
  251  213       11.
  251  214        2.
  251  220        6.
  251  221      447.
  251  222      259.
  251  223       25.
  251  224        1.
  251  230        7.
  251  231      727.
  251  232      330.
  251  233       42.
  251  240       33.
  251  241     1121.
  251  242      429.
  251  243       32.
  251  250       33.
  251  251     1634.
  251  252      382.
  251  253       34.
  251  260       64.
  251  261     1446.
  251  262      233.
  251  263        1.
  251  270       89.
  251  271     1314.
  251  272      123.
  251  280      119.
  251  281     1021.
  251  282       22.
  251  290      278.
  251  291      691.
  251  292        3.
  251  300      293.
  251  301      323.
  251  310      157.
  251  311       35.
  251  320       27.

  261  141        3.
  261  142        1.
  261  151        4.
  261  152        9.
  261  153        1.
  261  161       11.
  261  162        4.
  261  171       28.
  261  172       16.
  261  174        2.
  261  181       45.
  261  182       44.
  261  183        1.
  261  184        1.
  261  191       85.
  261  192       40.
  261  193        4.
  261  194        1.
  261  200        2.
  261  201      134.
  261  202       68.
  261  203       17.
  261  204        2.
  261  210        1.
  261  211      126.
  261  212       94.
  261  213        6.
  261  220        3.
  261  221      277.
  261  222       92.
  261  223        2.
  261  230        2.
  261  231      428.
  261  232      136.
  261  233        6.
  261  240       23.
  261  241      800.
  261  242      233.
  261  243       16.
  261  250       53.
  261  251     1309.
  261  252      299.
  261  253       28.
  261  260       98.
  261  261     2032.
  261  262      224.
  261  263       12.
  261  270      203.
  261  271     2057.
  261  272      150.
  261  280      243.
  261  281     1514.
  261  282       52.
  261  290      270.
  261  291      818.
  261  292        2.
  261  300      233.
  261  301      255.
  261  310      117.
  261  311       27.
  261  320       36.

  271  171        2.
  271  172        7.
  271  181       22.
  271  182       12.
  271  191       25.
  271  192        9.
  271  201       58.
  271  202       19.
  271  204        6.
  271  205       11.
  271  211       91.
  271  212       15.
  271  214        9.
  271  215       13.
  271  221      148.
  271  222       24.
  271  224        7.
  271  230        2.
  271  231      268.
  271  232       33.
  271  233        4.
  271  234        2.
  271  240        1.
  271  241      486.
  271  242       87.
  271  243       17.
  271  244        6.
  271  250       10.
  271  251      881.
  271  252      117.
  271  253        9.
  271  254        1.
  271  260       63.
  271  261     1510.
  271  262      165.
  271  263        7.
  271  270      149.
  271  271     2559.
  271  272      123.
  271  273        1.
  271  280      335.
  271  281     2101.
  271  282       52.
  271  290      583.
  271  291     1421.
  271  292        8.
  271  300      517.
  271  301      553.
  271  310      200.
  271  311       42.
  271  320        9.

  281  123        2.
  281  132        1.
  281  133        6.
  281  142        1.
  281  143       18.
  281  152        3.
  281  153       13.
  281  162        1.
  281  163        6.
  281  171        7.
  281  172       10.
  281  173        1.
  281  181        8.
  281  182        6.
  281  183        2.
  281  191       12.
  281  192       15.
  281  193        3.
  281  201       21.
  281  202       12.
  281  203        5.
  281  204        2.
  281  211       63.
  281  212       31.
  281  213        8.
  281  221       82.
  281  222       31.
  281  223       16.
  281  224        4.
  281  231      153.
  281  232       89.
  281  233       12.
  281  234        4.
  281  240        1.
  281  241      204.
  281  242       92.
  281  243       15.
  281  250        3.
  281  251      416.
  281  252      155.
  281  253       11.
  281  260        6.
  281  261      936.
  281  262      182.
  281  263        2.
  281  270       78.
  281  271     1665.
  281  272      165.
  281  280      354.
  281  281     2254.
  281  282       84.
  281  290      857.
  281  291     2206.
  281  292        9.
  281  300      943.
  281  301      956.
  281  310      387.
  281  311       94.
  281  320       77.

  291  172        1.
  291  182       12.
  291  191        3.
  291  192       10.
  291  201        1.
  291  202       11.
  291  211       18.
  291  212        7.
  291  221       21.
  291  222       12.
  291  223        2.
  291  231       48.
  291  232       43.
  291  233        3.
  291  240        1.
  291  241      133.
  291  242       88.
  291  243       13.
  291  250        7.
  291  251      271.
  291  252      107.
  291  253        5.
  291  260       26.
  291  261      570.
  291  262      130.
  291  263        6.
  291  270      144.
  291  271     1165.
  291  272      161.
  291  273        7.
  291  280      698.
  291  281     1728.
  291  282       99.
  291  290     1449.
  291  291     2682.
  291  292       29.
  291  300     1218.
  291  301     1412.
  291  310      346.
  291  311       81.
  291  320       31.
  291  330        1.

   32   22       27.
   32   23       11.
   32   31        4.
   32   32     4340.
   32   33     2786.
   32   34       51.
   32   41        2.
   32   42     1932.
   32   43     2342.
   32   44        9.
   32   52      324.
   32   53      578.
   32   54        5.
   32   62       55.
   32   63      196.
   32   64       14.
   32   72       15.
   32   73       69.
   32   74        2.
   32   83       19.
   32   92        6.
   32   93       12.
   32  103        1.

   33   22       10.
   33   23        7.
   33   31        2.
   33   32     2407.
   33   33     3261.
   33   34      147.
   33   42     2113.
   33   43     3254.
   33   44       31.
   33   52      266.
   33   53      709.
   33   54        4.
   33   62       64.
   33   63      251.
   33   64        4.
   33   72       23.
   33   73      128.
   33   74        1.
   33   82       10.
   33   83       19.
   33   92        2.
   33   93       19.
   33   94        4.
   33  102        2.
   33  103       17.
   33  104       16.
   33  113       13.
   33  114       13.
   33  123        3.

   34   22        4.
   34   23        7.
   34   24        1.
   34   31        1.
   34   32     1999.
   34   33     5869.
   34   34     1741.
   34   35      122.
   34   42      418.
   34   43     1211.
   34   44      349.
   34   45       78.
   34   52       78.
   34   53      202.
   34   54      131.
   34   55       81.
   34   62       35.
   34   63       60.
   34   64       79.
   34   65       53.
   34   72        9.
   34   73       19.
   34   74       56.
   34   75       76.
   34   83        1.
   34   84       26.
   34   85       48.
   34   93        1.
   34   94        7.
   34   95       24.
   34  104        1.
   34  105       12.
   34  115        1.

   35   33        3.
   35   34      206.
   35   35      376.
   35   36       65.
   35   44      588.
   35   45     1562.
   35   46       95.
   35   53        3.
   35   54      682.
   35   55      973.
   35   56       13.
   35   63        1.
   35   64      282.
   35   65      327.
   35   74      155.
   35   75      166.
   35   76        1.
   35   83        3.
   35   84       39.
   35   85       74.
   35   93        1.
   35   94       11.
   35   95       51.
   35  104        4.
   35  105       19.

   36   34       10.
   36   35     3151.
   36   36     2641.
   36   37       12.
   36   44        2.
   36   45     1141.
   36   46     1032.
   36   47       18.
   36   55      340.
   36   56      240.
   36   65      514.
   36   66      465.
   36   75      430.
   36   76      877.
   36   77        1.
   36   85      178.
   36   86     1042.
   36   87        1.
   36   95       31.
   36   96      462.
   36  105       10.
   36  106      111.
   36  116       36.
   36  117        2.
   36  126       26.
   36  127       17.
   36  136        5.
   36  137        5.

   42   22        2.
   42   23        2.
   42   32      682.
   42   33      625.
   42   34        6.
   42   42     2001.
   42   43     5446.
   42   44       17.
   42   51        2.
   42   52      821.
   42   53     2549.
   42   54       14.
   42   62      129.
   42   63      295.
   42   64        5.
   42   72       28.
   42   73       62.
   42   74        2.
   42   82       16.
   42   83       25.
   42   84        5.
   42   92        3.
   42   93       24.
   42   94        6.
   42  103       27.
   42  104        6.

   43   32       99.
   43   33      185.
   43   34       14.
   43   35       11.
   43   42     1168.
   43   43     6031.
   43   44       75.
   43   45        8.
   43   52      701.
   43   53     3515.
   43   54       29.
   43   55        1.
   43   62       68.
   43   63      380.
   43   64       20.
   43   65        6.
   43   72       41.
   43   73      208.
   43   74       13.
   43   75        1.
   43   82       60.
   43   83       57.
   43   92       30.
   43   93       42.
   43  102        4.
   43  103       24.
   43  113        9.

   44   23       12.
   44   24        3.
   44   32      173.
   44   33     2532.
   44   34     4301.
   44   35      311.
   44   36        9.
   44   42       23.
   44   43      602.
   44   44     2036.
   44   45      349.
   44   46       25.
   44   52        4.
   44   53      130.
   44   54      807.
   44   55      152.
   44   56        3.
   44   62        1.
   44   63       43.
   44   64      399.
   44   65       89.
   44   73       10.
   44   74      247.
   44   75       97.
   44   83        1.
   44   84      174.
   44   85      112.
   44   93        1.
   44   94       87.
   44   95       44.
   44  104       13.
   44  105        9.
   44  114        1.

   45   33       16.
   45   34      295.
   45   35      576.
   45   36       52.
   45   43       24.
   45   44     2222.
   45   45     3932.
   45   46      137.
   45   53       18.
   45   54     1954.
   45   55     2274.
   45   56       13.
   45   63        7.
   45   64      370.
   45   65      368.
   45   66        7.
   45   73        2.
   45   74      142.
   45   75      141.
   45   76        9.
   45   84       62.
   45   85      115.
   45   86        2.
   45   94       15.
   45   95       38.
   45  104        1.
   45  105        8.

   46   34        4.
   46   35      916.
   46   36      268.
   46   44       13.
   46   45     2453.
   46   46      883.
   46   54       11.
   46   55     1266.
   46   56      458.
   46   64        3.
   46   65     1578.
   46   66     1005.
   46   74        1.
   46   75     1081.
   46   76     1260.
   46   85      324.
   46   86      764.
   46   95       71.
   46   96      280.
   46  105       26.
   46  106      119.
   46  115        5.
   46  116       11.

   52   32        4.
   52   41        1.
   52   42      292.
   52   43      221.
   52   51       15.
   52   52      876.
   52   53      151.
   52   61       28.
   52   62     1732.
   52   63      492.
   52   64        7.
   52   71       42.
   52   72     1441.
   52   73      360.
   52   74        9.
   52   81       34.
   52   82      466.
   52   83       98.
   52   84        1.
   52   91       32.
   52   92      167.
   52   93       41.
   52  101       20.
   52  102       85.
   52  103       16.
   52  111        9.
   52  112       38.
   52  113        2.
   52  121        2.
   52  122       13.
   52  123        2.
   52  132        3.

   53   31        1.
   53   32       51.
   53   33       64.
   53   34       57.
   53   35        8.
   53   41        1.
   53   42      317.
   53   43      723.
   53   44       37.
   53   45        1.
   53   51        2.
   53   52      518.
   53   53     1654.
   53   54       75.
   53   62     1823.
   53   63     2760.
   53   64       83.
   53   72     1446.
   53   73     1417.
   53   74       24.
   53   82      389.
   53   83      524.
   53   84       13.
   53   92      190.
   53   93      330.
   53   94       11.
   53  102       72.
   53  103      105.
   53  104       17.
   53  112       65.
   53  113       12.
   53  122        9.
   53  123        1.

   54   32       19.
   54   33      351.
   54   34     1465.
   54   35      172.
   54   43      129.
   54   44     2418.
   54   45      747.
   54   46        1.
   54   53       82.
   54   54     2634.
   54   55     1003.
   54   63       20.
   54   64      792.
   54   65      421.
   54   73       13.
   54   74      595.
   54   75      428.
   54   83        1.
   54   84      421.
   54   85      464.
   54   94      220.
   54   95      260.
   54   96        1.
   54  104       57.
   54  105       80.
   54  106        1.
   54  114        3.
   54  115        2.

   55   33       27.
   55   34      322.
   55   35      151.
   55   36       25.
   55   43       26.
   55   44     1035.
   55   45      672.
   55   46       30.
   55   53       31.
   55   54     1490.
   55   55      730.
   55   63       10.
   55   64      485.
   55   65      228.
   55   66        1.
   55   73        8.
   55   74      287.
   55   75      202.
   55   83        1.
   55   84      164.
   55   85      153.
   55   86        1.
   55   93        1.
   55   94       53.
   55   95       80.
   55  104       28.
   55  105       29.
   55  114       13.
   55  115       15.
   55  124        1.
   55  125        1.

   56   35       24.
   56   36       32.
   56   44        1.
   56   45      206.
   56   46       94.
   56   54        1.
   56   55      814.
   56   56      545.
   56   64        3.
   56   65     2298.
   56   66     1929.
   56   74        2.
   56   75     1799.
   56   76     2217.
   56   84        1.
   56   85      532.
   56   86     1444.
   56   94        1.
   56   95      132.
   56   96      457.
   56   97        4.
   56  105       16.
   56  106      120.
   56  107        3.
   56  115        1.
   56  116       46.
   56  117        4.
   56  126       54.
   56  127        6.
   56  135        1.
   56  136        8.
   56  137        5.

   62   31       22.
   62   32      298.
   62   33       72.
   62   41       13.
   62   42      594.
   62   43      101.
   62   51       44.
   62   52      883.
   62   53      180.
   62   54       10.
   62   61       62.
   62   62     3174.
   62   63      690.
   62   64        1.
   62   71       96.
   62   72     3012.
   62   73      516.
   62   74        3.
   62   81       93.
   62   82     1450.
   62   83      232.
   62   84        1.
   62   91       92.
   62   92      533.
   62   93       94.
   62  101       84.
   62  102      165.
   62  103       32.
   62  111       59.
   62  112       70.
   62  113        3.
   62  121       24.
   62  122       23.
   62  131       28.
   62  132       12.
   62  141       25.
   62  142        9.

   63   32       33.
   63   33       31.
   63   42       75.
   63   43       74.
   63   51        4.
   63   52      537.
   63   53      461.
   63   54        5.
   63   61       23.
   63   62     2909.
   63   63     1957.
   63   64       25.
   63   71        7.
   63   72     2519.
   63   73     1287.
   63   74       13.
   63   81        1.
   63   82      723.
   63   83      872.
   63   84       25.
   63   92      316.
   63   93      555.
   63   94       28.
   63  102       92.
   63  103      157.
   63  104       15.
   63  112       27.
   63  113       23.
   63  122        4.
   63  123        2.

   64   33       28.
   64   34      395.
   64   35      180.
   64   36       16.
   64   43       22.
   64   44      981.
   64   45      674.
   64   46       11.
   64   53       31.
   64   54     1312.
   64   55      911.
   64   56        1.
   64   63       15.
   64   64      475.
   64   65      258.
   64   73        3.
   64   74      308.
   64   75      204.
   64   83        1.
   64   84      231.
   64   85      171.
   64   93        1.
   64   94       98.
   64   95      104.
   64  103        2.
   64  104       44.
   64  105       18.
   64  114        3.
   64  115        2.

   65   33        3.
   65   34      205.
   65   35      385.
   65   36       29.
   65   43        8.
   65   44      948.
   65   45     1594.
   65   46       54.
   65   53        3.
   65   54      997.
   65   55     1204.
   65   56        3.
   65   63        1.
   65   64      325.
   65   65      474.
   65   66        2.
   65   73        2.
   65   74      206.
   65   75      329.
   65   76        1.
   65   84       84.
   65   85      122.
   65   94       78.
   65   95       36.
   65  104        5.
   65  105        2.

   66   35       34.
   66   36       18.
   66   45      160.
   66   46       61.
   66   55      549.
   66   56      293.
   66   64        2.
   66   65     2135.
   66   66     1834.
   66   74        1.
   66   75     1576.
   66   76     2390.
   66   85      479.
   66   86     1954.
   66   87        3.
   66   95       90.
   66   96      805.
   66   97        7.
   66  105       22.
   66  106      225.
   66  107        1.
   66  115        4.
   66  116       47.
   66  117        3.
   66  126       34.
   66  127       15.
   66  135        1.
   66  136       37.
   66  137       16.
   66  146        4.

   67   37        1.
   67   45        3.
   67   46      373.
   67   47      192.
   67   56       96.
   67   57      599.
   67   58        5.
   67   66      122.
   67   67     3394.
   67   68      103.
   67   76       51.
   67   77     3075.
   67   78      368.
   67   86       27.
   67   87      911.
   67   88      531.
   67   96        7.
   67   97      283.
   67   98      239.
   67  106        1.
   67  107       56.
   67  108       47.
   67  116        2.
   67  117       10.
   67  118        4.

   72   32        2.
   72   42       17.
   72   43        3.
   72   51       10.
   72   52      195.
   72   53       11.
   72   61       35.
   72   62     2064.
   72   63      181.
   72   71       86.
   72   72     4564.
   72   73      427.
   72   81      127.
   72   82     2842.
   72   83      184.
   72   91      132.
   72   92      956.
   72   93       88.
   72  101       97.
   72  102      330.
   72  103       49.
   72  111       76.
   72  112      164.
   72  113       46.
   72  121       30.
   72  122       21.
   72  123       12.
   72  131       14.
   72  132        1.
   72  133       10.
   72  141        4.
   72  142        6.
   72  143       10.
   72  152        4.
   72  153        2.

   73   32        1.
   73   41       26.
   73   42      268.
   73   43      202.
   73   51      103.
   73   52      848.
   73   53      188.
   73   61       56.
   73   62     1511.
   73   63      437.
   73   64        1.
   73   71       27.
   73   72     1022.
   73   73      295.
   73   81       19.
   73   82      382.
   73   83       81.
   73   91       32.
   73   92      215.
   73   93       33.
   73  101       31.
   73  102      139.
   73  103       17.
   73  111       10.
   73  112       53.
   73  113       13.
   73  121       12.
   73  122       27.
   73  123        4.
   73  131        8.
   73  132       27.
   73  133        1.
   73  141        8.
   73  142        3.

   74   33        3.
   74   34       60.
   74   35       25.
   74   43        2.
   74   44      537.
   74   45      420.
   74   53        3.
   74   54      679.
   74   55      747.
   74   63        5.
   74   64      430.
   74   65      608.
   74   66        1.
   74   73        2.
   74   74      476.
   74   75      872.
   74   83        2.
   74   84      297.
   74   85      675.
   74   86        1.
   74   93        1.
   74   94      122.
   74   95      292.
   74   96        2.
   74  104       43.
   74  105       83.
   74  106        2.
   74  114        3.
   74  115        7.

   75   33       20.
   75   34      380.
   75   35      110.
   75   43       13.
   75   44     1383.
   75   45     1135.
   75   46        1.
   75   53        8.
   75   54     1623.
   75   55     1703.
   75   63        8.
   75   64      975.
   75   65     1163.
   75   73        4.
   75   74      780.
   75   75     1496.
   75   76        3.
   75   83        6.
   75   84      425.
   75   85      804.
   75   93        1.
   75   94      197.
   75   95      390.
   75  104       66.
   75  105       93.
   75  114        6.
   75  115        7.

   76   35       35.
   76   36       32.
   76   45       96.
   76   46       55.
   76   55      331.
   76   56      175.
   76   65     1115.
   76   66      922.
   76   74        6.
   76   75     1512.
   76   76     2430.
   76   85      906.
   76   86     2887.
   76   87        2.
   76   95      294.
   76   96     1165.
   76   97        2.
   76  105      132.
   76  106      366.
   76  107        3.
   76  115       49.
   76  116      190.
   76  117        9.
   76  125       13.
   76  126       57.
   76  127        8.
   76  136        1.
   76  137        7.

   77   36        2.
   77   45        3.
   77   46      743.
   77   47      253.
   77   56      152.
   77   57      544.
   77   58        1.
   77   66      128.
   77   67     4491.
   77   68      129.
   77   76       95.
   77   77     4375.
   77   78      220.
   77   86       27.
   77   87     1191.
   77   88       79.
   77   96       10.
   77   97      272.
   77   98       30.
   77  106        1.
   77  107       48.
   77  108        4.
   77  117        2.

   78   46        1.
   78   47       10.
   78   57       41.
   78   66        1.
   78   67       88.
   78   68       63.
   78   77      553.
   78   78     2419.
   78   87     1005.
   78   88     4896.
   78   97      558.
   78   98     2419.
   78  107      180.
   78  108      513.
   78  117       26.
   78  118       26.
   78  127        1.

   82   31        1.
   82   32       34.
   82   33        2.
   82   42      141.
   82   43       24.
   82   51        3.
   82   52      150.
   82   53       47.
   82   54        1.
   82   61        8.
   82   62      632.
   82   63      136.
   82   64        1.
   82   71       48.
   82   72     1733.
   82   73      298.
   82   74       10.
   82   81      120.
   82   82     3018.
   82   83      392.
   82   84       35.
   82   91       90.
   82   92     1974.
   82   93      280.
   82   94       28.
   82  101      124.
   82  102     1232.
   82  103      129.
   82  104        4.
   82  111      153.
   82  112      727.
   82  113       76.
   82  114        1.
   82  121      113.
   82  122      342.
   82  123       58.
   82  131       77.
   82  132      192.
   82  133       22.
   82  141       65.
   82  142      128.
   82  143        4.
   82  151       59.
   82  152       81.
   82  153        1.
   82  161        1.
   82  162        5.

   84   33        7.
   84   34      194.
   84   35       49.
   84   43        4.
   84   44      406.
   84   45      292.
   84   53        7.
   84   54      504.
   84   55      464.
   84   63        2.
   84   64      429.
   84   65      373.
   84   66        2.
   84   73        5.
   84   74      381.
   84   75      618.
   84   76        7.
   84   83        4.
   84   84      364.
   84   85      567.
   84   86        5.
   84   93        2.
   84   94      146.
   84   95      377.
   84   96        5.
   84  104       49.
   84  105      163.
   84  106        5.
   84  114        6.
   84  115       34.
   84  116       17.
   84  125        7.
   84  126        5.

   85   33        3.
   85   34       53.
   85   35       19.
   85   43        4.
   85   44      476.
   85   45      348.
   85   46        1.
   85   53        4.
   85   54      759.
   85   55      680.
   85   63        1.
   85   64      540.
   85   65      687.
   85   66        2.
   85   73        1.
   85   74      517.
   85   75      923.
   85   76        3.
   85   83        2.
   85   84      229.
   85   85      658.
   85   86        1.
   85   94       65.
   85   95      255.
   85  104       26.
   85  105      118.
   85  106        2.
   85  114        9.
   85  115       13.
   85  124        1.

   86   34        6.
   86   35      146.
   86   36       12.
   86   45      145.
   86   46       40.
   86   54        3.
   86   55      316.
   86   56      116.
   86   64        6.
   86   65     1004.
   86   66      659.
   86   74        3.
   86   75     1260.
   86   76     1436.
   86   84        6.
   86   85     1251.
   86   86     2200.
   86   87        2.
   86   94        5.
   86   95      673.
   86   96     1069.
   86   97        6.
   86  104        8.
   86  105      435.
   86  106      623.
   86  107       10.
   86  115      220.
   86  116      477.
   86  117        6.
   86  125       66.
   86  126      244.
   86  127       17.
   86  135       16.
   86  136      141.
   86  137       11.
   86  145        3.
   86  146       78.
   86  147       22.
   86  148        9.
   86  155        2.
   86  156        7.
   86  157        7.
   86  158       18.
   86  167       10.
   86  168        4.
   86  177        2.

   87   35        1.
   87   36       32.
   87   37        2.
   87   46      641.
   87   47      242.
   87   56      121.
   87   57      423.
   87   58        2.
   87   66      127.
   87   67     3352.
   87   68       97.
   87   76       66.
   87   77     3449.
   87   78      449.
   87   86       38.
   87   87     1705.
   87   88      795.
   87   96       16.
   87   97      511.
   87   98      468.
   87  106       14.
   87  107      127.
   87  108       85.
   87  116        3.
   87  117       15.
   87  118       12.
   87  127        3.
   87  128        2.
   87  137        1.
   87  138        1.

   88   46      116.
   88   47       58.
   88   56       30.
   88   57       42.
   88   66       13.
   88   67      279.
   88   68       54.
   88   76        7.
   88   77      784.
   88   78     1867.
   88   85        1.
   88   86        6.
   88   87     1178.
   88   88     4377.
   88   96       15.
   88   97      801.
   88   98     2255.
   88  106        6.
   88  107      264.
   88  108      558.
   88  117       39.
   88  118       40.
   88  127        9.
   88  128        1.

   92   31        6.
   92   32       10.
   92   33        1.
   92   41        9.
   92   42       40.
   92   51        4.
   92   52       67.
   92   53        2.
   92   61        9.
   92   62      202.
   92   63       15.
   92   71       59.
   92   72      561.
   92   73       26.
   92   74        1.
   92   81      133.
   92   82     1226.
   92   83       94.
   92   84        3.
   92   91      253.
   92   92     2143.
   92   93      346.
   92   94        5.
   92  101      398.
   92  102     2576.
   92  103      281.
   92  104        8.
   92  111      527.
   92  112     1931.
   92  113       65.
   92  121      305.
   92  122      689.
   92  123       56.
   92  131      141.
   92  132      239.
   92  133       12.
   92  141      121.
   92  142      126.
   92  151       62.
   92  152       39.
   92  161        4.
   92  162        5.

   94   33        9.
   94   34       96.
   94   35       10.
   94   43       10.
   94   44      268.
   94   45      217.
   94   53        4.
   94   54      407.
   94   55      301.
   94   63        6.
   94   64      291.
   94   65      310.
   94   73        2.
   94   74      338.
   94   75      436.
   94   83        8.
   94   84      333.
   94   85      499.
   94   86        2.
   94   93        2.
   94   94      391.
   94   95      613.
   94   96        1.
   94  103        5.
   94  104      581.
   94  105      658.
   94  106        1.
   94  113        1.
   94  114       91.
   94  115      107.
   94  116        1.
   94  124        1.

   95   33       18.
   95   34      261.
   95   35       68.
   95   43       10.
   95   44      625.
   95   45      376.
   95   53        4.
   95   54      701.
   95   55      578.
   95   63        5.
   95   64      559.
   95   65      562.
   95   73        4.
   95   74      580.
   95   75      821.
   95   76        2.
   95   84      413.
   95   85      738.
   95   86        1.
   95   93        2.
   95   94      181.
   95   95      521.
   95   96        1.
   95  103        2.
   95  104       64.
   95  105      175.
   95  114        4.
   95  115       24.

   96   35        6.
   96   36        5.
   96   45       38.
   96   46        8.
   96   54        3.
   96   55      145.
   96   56       54.
   96   64        7.
   96   65      302.
   96   66      159.
   96   74       20.
   96   75      491.
   96   76      325.
   96   84       11.
   96   85      568.
   96   86      567.
   96   87        1.
   96   94        7.
   96   95     1070.
   96   96     1372.
   96   97        8.
   96  104        3.
   96  105     1333.
   96  106     1751.
   96  107        8.
   96  114        3.
   96  115      757.
   96  116     1514.
   96  117       13.
   96  125      312.
   96  126     1024.
   96  127       25.
   96  135      138.
   96  136      549.
   96  137       25.
   96  145       47.
   96  146      116.
   96  147        1.
   96  155        4.
   96  156       10.

   97   37        1.
   97   46        2.
   97   47       28.
   97   56        3.
   97   57       73.
   97   66        5.
   97   67      104.
   97   68       38.
   97   76        4.
   97   77      546.
   97   78     2026.
   97   86        4.
   97   87     1114.
   97   88     4711.
   97   97      974.
   97   98     2347.
   97  107      249.
   97  108      494.
   97  117       33.
   97  118       35.
   97  127        7.
   97  128        2.

   98   37        1.
   98   46        4.
   98   47       12.
   98   56        6.
   98   57       63.
   98   67       98.
   98   68       36.
   98   76        2.
   98   77      582.
   98   78     2076.
   98   86        2.
   98   87     1076.
   98   88     4697.
   98   97      718.
   98   98     2479.
   98  106        1.
   98  107      264.
   98  108      545.
   98  117       41.
   98  118       49.
   98  127       11.
   98  128        3.
   98  137        3.
   98  138        5.
   98  148        9.
   98  158       17.

