  102   31       14.
  102   32       22.
  102   41       66.
  102   42      145.
  102   43       15.
  102   51      866.
  102   52      659.
  102   53       52.
  102   61      728.
  102   62     1625.
  102   63      290.
  102   71       51.
  102   72     1446.
  102   73      181.
  102   81       45.
  102   82     2208.
  102   83      239.
  102   91       30.
  102   92     2358.
  102   93      185.
  102  101       15.
  102  102     1153.
  102  103       95.
  102  104        1.
  102  111        7.
  102  112      205.
  102  113       60.
  102  122       32.
  102  123        2.
  102  132        4.
  102  142        1.

  103   42        7.
  103   43        5.
  103   46        3.
  103   52       54.
  103   53       16.
  103   54        2.
  103   55        3.
  103   56        5.
  103   57        1.
  103   62       39.
  103   63      116.
  103   64       13.
  103   65       61.
  103   66       15.
  103   67        1.
  103   72       78.
  103   73      592.
  103   74       26.
  103   75       83.
  103   76        5.
  103   77        1.
  103   82      165.
  103   83      778.
  103   84       80.
  103   85       38.
  103   86        6.
  103   92      318.
  103   93     2142.
  103   94      225.
  103   95       23.
  103  102      225.
  103  103     3091.
  103  104      301.
  103  105        4.
  103  112       43.
  103  113     2250.
  103  114      318.
  103  115        3.
  103  122       13.
  103  123      913.
  103  124      125.
  103  132        9.
  103  133      379.
  103  134       37.
  103  142        5.
  103  143      158.
  103  144       13.
  103  152        2.
  103  153       10.

  104   63        2.
  104   64       24.
  104   65       52.
  104   66        4.
  104   72        1.
  104   73       12.
  104   74       82.
  104   75      146.
  104   76       16.
  104   83       38.
  104   84      260.
  104   85      169.
  104   86        6.
  104   93      287.
  104   94      895.
  104   95      208.
  104   96       14.
  104  103      888.
  104  104     2028.
  104  105      160.
  104  106       14.
  104  113     2193.
  104  114     2140.
  104  115       94.
  104  116       12.
  104  122        2.
  104  123     1094.
  104  124      728.
  104  125       90.
  104  133      381.
  104  134      293.
  104  135       61.
  104  136        4.
  104  143       70.
  104  144       99.
  104  145       54.
  104  146       11.
  104  153        4.
  104  154       46.
  104  155       48.
  104  156        6.
  104  164       10.
  104  165       31.
  104  174       12.
  104  175        8.
  104  184        3.

  105   35       51.
  105   36        7.
  105   44        1.
  105   45      308.
  105   46      164.
  105   54        1.
  105   55      382.
  105   56      303.
  105   65      130.
  105   66      193.
  105   75      115.
  105   76      375.
  105   77       33.
  105   85      120.
  105   86      654.
  105   87       30.
  105   95      156.
  105   96      726.
  105   97       35.
  105  105      103.
  105  106      663.
  105  107       65.
  105  115       61.
  105  116      483.
  105  117       44.
  105  125       60.
  105  126      178.
  105  127        6.
  105  135       15.
  105  136       38.

  106   35        6.
  106   36      123.
  106   44        1.
  106   45      144.
  106   46      185.
  106   54        1.
  106   55      178.
  106   56      184.
  106   64        1.
  106   65       94.
  106   66      311.
  106   67        1.
  106   75      111.
  106   76     1058.
  106   77      236.
  106   84       12.
  106   85      257.
  106   86     1193.
  106   87      253.
  106   94        4.
  106   95      167.
  106   96     1296.
  106   97      188.
  106  105      131.
  106  106     2286.
  106  107      346.
  106  115       73.
  106  116     2126.
  106  117      293.
  106  125       47.
  106  126      926.
  106  127       96.
  106  135       34.
  106  136      250.
  106  137       38.
  106  145       17.
  106  146       63.
  106  147        9.
  106  148        6.
  106  155        1.
  106  156        5.
  106  157       10.
  106  158       33.
  106  167        5.
  106  168        1.

  107   36       33.
  107   45       85.
  107   46       88.
  107   55       48.
  107   56       58.
  107   64        1.
  107   65       25.
  107   66      158.
  107   67       10.
  107   75       37.
  107   76      723.
  107   77      258.
  107   85       60.
  107   86      849.
  107   87      308.
  107   95       61.
  107   96     1173.
  107   97      250.
  107  105       63.
  107  106     2022.
  107  107      536.
  107  115       64.
  107  116     2403.
  107  117      487.
  107  125       45.
  107  126     1152.
  107  127      280.
  107  135       24.
  107  136      718.
  107  137      194.
  107  145       19.
  107  146      390.
  107  147       50.
  107  155        4.
  107  156      101.
  107  157        2.
  107  166       20.
  107  176        1.

  111   31       75.
  111   32      136.
  111   41       88.
  111   42      199.
  111   51      746.
  111   52      368.
  111   53       25.
  111   61      564.
  111   62      372.
  111   63       19.
  111   71      252.
  111   72      327.
  111   73       15.
  111   81      556.
  111   82      645.
  111   83       23.
  111   91      435.
  111   92      473.
  111   93       15.
  111  101      561.
  111  102      449.
  111  103       18.
  111  111      861.
  111  112      409.
  111  113       36.
  111  121      717.
  111  122      405.
  111  123       37.
  111  131      619.
  111  132      331.
  111  133       29.
  111  141      540.
  111  142      235.
  111  143       16.
  111  151      363.
  111  152      184.
  111  153       18.
  111  161      251.
  111  162      125.
  111  163        6.
  111  171      214.
  111  172      102.
  111  173        7.
  111  181      205.
  111  182       92.
  111  183        1.
  111  191      181.
  111  192       82.
  111  193        4.
  111  201      102.
  111  202       73.
  111  203        7.
  111  211       45.
  111  212       32.
  111  213        1.
  111  221       19.
  111  222       35.
  111  223        1.
  111  231        9.
  111  232       16.
  111  241        7.
  111  242        7.
  111  251        9.
  111  252        5.
  111  261        1.

  113   33        9.
  113   42        5.
  113   43       27.
  113   53        7.
  113   62        4.
  113   63       15.
  113   64        8.
  113   65       20.
  113   72       19.
  113   73      140.
  113   74       62.
  113   75       34.
  113   82       70.
  113   83      246.
  113   84       87.
  113   85       44.
  113   92       77.
  113   93      792.
  113   94      231.
  113   95       32.
  113  102       85.
  113  103     2193.
  113  104      583.
  113  105       30.
  113  106        2.
  113  112      140.
  113  113     3699.
  113  114      899.
  113  115       40.
  113  116       10.
  113  122       92.
  113  123     1569.
  113  124      382.
  113  125       25.
  113  126       15.
  113  132       50.
  113  133      596.
  113  134      146.
  113  135       19.
  113  136        6.
  113  142       25.
  113  143      177.
  113  144       51.
  113  145        6.
  113  146        6.
  113  152        4.
  113  153       15.
  113  154        6.

  114   54        1.
  114   63        1.
  114   64       18.
  114   65        7.
  114   73       71.
  114   74      140.
  114   75       32.
  114   83       99.
  114   84      279.
  114   85       40.
  114   92        4.
  114   93      250.
  114   94      626.
  114   95       52.
  114   96        7.
  114  102        1.
  114  103     1028.
  114  104     1521.
  114  105       63.
  114  106        2.
  114  112        3.
  114  113     2513.
  114  114     2323.
  114  115       30.
  114  116        2.
  114  122        1.
  114  123     1413.
  114  124     1046.
  114  125        5.
  114  133      579.
  114  134      473.
  114  135        6.
  114  143       94.
  114  144       61.
  114  145        5.
  114  153        2.
  114  155        2.

  115   34       27.
  115   35       62.
  115   36        6.
  115   44       20.
  115   45      323.
  115   46      142.
  115   54        3.
  115   55      356.
  115   56      280.
  115   64        5.
  115   65      130.
  115   66      263.
  115   67        3.
  115   74        3.
  115   75      162.
  115   76      557.
  115   77       67.
  115   84        3.
  115   85      261.
  115   86     1006.
  115   87       98.
  115   94        1.
  115   95      281.
  115   96     1491.
  115   97      106.
  115  105      358.
  115  106     1835.
  115  107      152.
  115  114       10.
  115  115      614.
  115  116     1778.
  115  117      130.
  115  124        4.
  115  125      424.
  115  126      970.
  115  127       45.
  115  134        1.
  115  135      201.
  115  136      346.
  115  137       16.
  115  144        1.
  115  145       60.
  115  146      101.
  115  147        3.
  115  155       22.
  115  156       63.
  115  165        6.
  115  166        3.
  115  175        1.

  116   34        1.
  116   35       40.
  116   36        1.
  116   45      143.
  116   46       93.
  116   54        3.
  116   55      254.
  116   56      225.
  116   65      133.
  116   66      312.
  116   67        9.
  116   75       87.
  116   76     1014.
  116   77      323.
  116   84        1.
  116   85      116.
  116   86     1265.
  116   87      389.
  116   95      114.
  116   96     1388.
  116   97      227.
  116  105      113.
  116  106     2199.
  116  107      312.
  116  115      112.
  116  116     2321.
  116  117      289.
  116  125       43.
  116  126      901.
  116  127       92.
  116  135        8.
  116  136      190.
  116  137       28.
  116  145        1.
  116  146       44.
  116  147        3.
  116  156        6.

  117   35        1.
  117   36        6.
  117   45       12.
  117   46       44.
  117   55       31.
  117   56       67.
  117   65       29.
  117   66      147.
  117   67        3.
  117   75       18.
  117   76      409.
  117   77      153.
  117   85       36.
  117   86      591.
  117   87      198.
  117   95       47.
  117   96      922.
  117   97      178.
  117  105       46.
  117  106     1631.
  117  107      404.
  117  115       33.
  117  116     2376.
  117  117      713.
  117  125       37.
  117  126     1767.
  117  127      469.
  117  135       52.
  117  136     1104.
  117  137      265.
  117  145       47.
  117  146      586.
  117  147       76.
  117  155       13.
  117  156      231.
  117  157        9.
  117  165        5.
  117  166       29.
  117  175        4.
  117  176       11.

  121   31        7.
  121   32      124.
  121   33        9.
  121   41       46.
  121   42      118.
  121   43       13.
  121   51      397.
  121   52      180.
  121   53       24.
  121   61      309.
  121   62      246.
  121   63       23.
  121   71      185.
  121   72      270.
  121   73       20.
  121   81      327.
  121   82      316.
  121   83       20.
  121   91      320.
  121   92      261.
  121   93        6.
  121   94        5.
  121  101      445.
  121  102      416.
  121  103        7.
  121  104        6.
  121  111      683.
  121  112      386.
  121  113       19.
  121  114       11.
  121  115        1.
  121  121     1026.
  121  122      447.
  121  123       36.
  121  124        5.
  121  131      855.
  121  132      472.
  121  133       36.
  121  134        7.
  121  141      602.
  121  142      319.
  121  143       42.
  121  144        9.
  121  145        3.
  121  151      574.
  121  152      306.
  121  153       35.
  121  154        7.
  121  155        3.
  121  161      494.
  121  162      260.
  121  163        7.
  121  164        2.
  121  171      327.
  121  172      264.
  121  173       23.
  121  181      302.
  121  182      203.
  121  183       32.
  121  191      234.
  121  192      135.
  121  193       25.
  121  194        3.
  121  201       86.
  121  202       79.
  121  203       15.
  121  204        7.
  121  211       76.
  121  212       40.
  121  213        6.
  121  214        6.
  121  221       54.
  121  222       17.
  121  223        8.
  121  224        3.
  121  231       29.
  121  232       19.
  121  233        3.
  121  241       25.
  121  242        8.
  121  243        2.
  121  251       11.
  121  261        6.
  121  271        5.

  123   62        1.
  123   63       20.
  123   64        6.
  123   65       27.
  123   72       25.
  123   73      199.
  123   74       25.
  123   75       28.
  123   82       14.
  123   83      176.
  123   84       36.
  123   85        7.
  123   92       14.
  123   93      401.
  123   94      122.
  123   95       21.
  123  102       43.
  123  103     1610.
  123  104      451.
  123  105       14.
  123  112       69.
  123  113     3900.
  123  114      835.
  123  115       13.
  123  122       47.
  123  123     2355.
  123  124      553.
  123  125        9.
  123  132       39.
  123  133      980.
  123  134      265.
  123  135       49.
  123  142       10.
  123  143      270.
  123  144       78.
  123  145       32.
  123  152        1.
  123  153       24.
  123  154       20.
  123  155       11.

  124   34        4.
  124   35        7.
  124   44        2.
  124   45       19.
  124   46        2.
  124   55        9.
  124   64        5.
  124   65       29.
  124   66        2.
  124   73        2.
  124   74       35.
  124   75       47.
  124   76        7.
  124   83       15.
  124   84       64.
  124   85       29.
  124   86        8.
  124   93      166.
  124   94      129.
  124   95       15.
  124   96        2.
  124  103      726.
  124  104      534.
  124  105       11.
  124  106        1.
  124  113     2266.
  124  114     1184.
  124  115       13.
  124  122        1.
  124  123     1723.
  124  124     1497.
  124  125       18.
  124  133     1499.
  124  134      957.
  124  135       25.
  124  143      891.
  124  144      365.
  124  145      108.
  124  146        1.
  124  153      110.
  124  154      133.
  124  155       61.
  124  156        9.
  124  163        4.
  124  164       25.
  124  165       14.
  124  166        8.
  124  174        5.
  124  175        9.
  124  184        2.
  124  185        2.

  125   44        1.
  125   45      177.
  125   46      112.
  125   54        1.
  125   55      365.
  125   56      278.
  125   65      162.
  125   66      274.
  125   75      148.
  125   76      445.
  125   77       14.
  125   85      172.
  125   86      743.
  125   87       29.
  125   94        3.
  125   95      228.
  125   96     1036.
  125   97       47.
  125  104        7.
  125  105      324.
  125  106     1269.
  125  107      117.
  125  114       30.
  125  115     1181.
  125  116     1450.
  125  117      111.
  125  124       90.
  125  125     2136.
  125  126      866.
  125  127       13.
  125  134       64.
  125  135      541.
  125  136      200.
  125  137        2.
  125  144       13.
  125  145       77.
  125  146       57.
  125  155       12.
  125  156        5.

  126   35       39.
  126   36       17.
  126   45       81.
  126   46       93.
  126   55       75.
  126   56      105.
  126   65       66.
  126   66      173.
  126   67        8.
  126   75       60.
  126   76      655.
  126   77      217.
  126   85       88.
  126   86      826.
  126   87      200.
  126   95      110.
  126   96     1062.
  126   97      170.
  126  105       67.
  126  106     2007.
  126  107      340.
  126  115       80.
  126  116     2683.
  126  117      436.
  126  125       67.
  126  126     1722.
  126  127      202.
  126  135       52.
  126  136      580.
  126  137       76.
  126  145       16.
  126  146      178.
  126  147       35.
  126  148       15.
  126  155        6.
  126  156       44.
  126  157       26.
  126  158       74.
  126  159        2.
  126  165        1.
  126  166       19.
  126  167       11.
  126  168       16.

  127   36       11.
  127   45        2.
  127   46       49.
  127   55        6.
  127   56       41.
  127   65        6.
  127   66       52.
  127   75       10.
  127   76      251.
  127   77       26.
  127   85       11.
  127   86      306.
  127   87       61.
  127   95       10.
  127   96      386.
  127   97       85.
  127  105       17.
  127  106      853.
  127  107      220.
  127  115       31.
  127  116     1477.
  127  117      475.
  127  125       36.
  127  126     2005.
  127  127     1006.
  127  135       42.
  127  136     2266.
  127  137      729.
  127  145       55.
  127  146     1441.
  127  147      242.
  127  155       30.
  127  156      418.
  127  157       27.
  127  165       13.
  127  166       84.
  127  175        7.
  127  176       11.
  127  186        2.

  128  117        4.
  128  118       13.
  128  127       32.
  128  128      370.
  128  129        2.
  128  137       32.
  128  138      513.
  128  139        2.
  128  147       36.
  128  148     2352.
  128  149       52.
  128  157      136.
  128  158     8324.
  128  159       37.
  128  166        1.
  128  167      142.
  128  168      735.
  128  177       14.
  128  178        3.

  131   21        1.
  131   31       39.
  131   32       45.
  131   33        1.
  131   41      101.
  131   42       94.
  131   51      392.
  131   52      167.
  131   53        4.
  131   61      302.
  131   62      191.
  131   63       16.
  131   71       59.
  131   72      162.
  131   73       10.
  131   81       96.
  131   82      235.
  131   83       22.
  131   91      186.
  131   92      287.
  131   93       10.
  131  101      277.
  131  102      314.
  131  103        5.
  131  104        5.
  131  111      410.
  131  112      371.
  131  113       18.
  131  114        4.
  131  121      636.
  131  122      408.
  131  123       27.
  131  124        2.
  131  131     1041.
  131  132      361.
  131  133       33.
  131  134        4.
  131  141      874.
  131  142      376.
  131  143       12.
  131  144        7.
  131  151      773.
  131  152      365.
  131  153       15.
  131  154        4.
  131  161      629.
  131  162      257.
  131  163        4.
  131  164        2.
  131  171      476.
  131  172      188.
  131  173        2.
  131  174        4.
  131  175        1.
  131  181      462.
  131  182      191.
  131  183        8.
  131  184       11.
  131  185        5.
  131  191      399.
  131  192      119.
  131  193        6.
  131  194        7.
  131  201      351.
  131  202      117.
  131  203        6.
  131  211      272.
  131  212       72.
  131  213        1.
  131  221      147.
  131  222       26.
  131  231      102.
  131  232       14.
  131  241       65.
  131  242        7.
  131  251       43.
  131  252        5.
  131  260        1.
  131  261       22.
  131  262        2.
  131  270        2.
  131  271       12.

  133   42        3.
  133   43        1.
  133   52       26.
  133   53        1.
  133   61        1.
  133   62       49.
  133   63       12.
  133   64        5.
  133   65        3.
  133   71        1.
  133   72       89.
  133   73      117.
  133   74       15.
  133   75        7.
  133   82       91.
  133   83      255.
  133   84       45.
  133   85        6.
  133   92      136.
  133   93      574.
  133   94      119.
  133   95       19.
  133  102      177.
  133  103     1299.
  133  104      254.
  133  105       10.
  133  112      221.
  133  113     2453.
  133  114      411.
  133  115        3.
  133  122      236.
  133  123     2091.
  133  124      374.
  133  125        6.
  133  132      180.
  133  133     1812.
  133  134      323.
  133  135        3.
  133  142       54.
  133  143      981.
  133  144      148.
  133  152       13.
  133  153      137.
  133  154       24.
  133  164       12.
  133  174        3.

  134   54        1.
  134   55        2.
  134   64       26.
  134   65       24.
  134   66        4.
  134   73        5.
  134   74       34.
  134   75       51.
  134   76        7.
  134   83       29.
  134   84       67.
  134   85       59.
  134   86        1.
  134   93       84.
  134   94      233.
  134   95       52.
  134   96        2.
  134  103      442.
  134  104      453.
  134  105       47.
  134  106        1.
  134  112        8.
  134  113     1349.
  134  114      863.
  134  115       51.
  134  116        5.
  134  123     1340.
  134  124     1097.
  134  125       35.
  134  126        1.
  134  132        1.
  134  133     1833.
  134  134     1376.
  134  135       49.
  134  142        5.
  134  143     1540.
  134  144      912.
  134  145       59.
  134  152        4.
  134  153      276.
  134  154      269.
  134  155       22.
  134  163        9.
  134  164       65.
  134  174        7.

  135   35        2.
  135   44        3.
  135   45      171.
  135   46       97.
  135   54        1.
  135   55      290.
  135   56      211.
  135   65      103.
  135   66      160.
  135   67        2.
  135   75       62.
  135   76      304.
  135   77       39.
  135   85       98.
  135   86      531.
  135   87       27.
  135   94        7.
  135   95      146.
  135   96      720.
  135   97       43.
  135  104       13.
  135  105      264.
  135  106      922.
  135  107       76.
  135  114       29.
  135  115      993.
  135  116     1142.
  135  117       64.
  135  124       73.
  135  125     2227.
  135  126      965.
  135  127       32.
  135  134       55.
  135  135     1378.
  135  136      712.
  135  137       16.
  135  144       15.
  135  145      341.
  135  146      346.
  135  147        5.
  135  153        1.
  135  154       10.
  135  155       53.
  135  156       47.
  135  163        1.
  135  165        2.
  135  166        1.

  136   35       24.
  136   36        9.
  136   45       47.
  136   46       35.
  136   55       65.
  136   56       56.
  136   65       57.
  136   66       89.
  136   67        4.
  136   75       43.
  136   76      307.
  136   77      100.
  136   84        1.
  136   85       62.
  136   86      434.
  136   87      134.
  136   95       45.
  136   96      728.
  136   97      126.
  136  105       53.
  136  106     1533.
  136  107      273.
  136  115       58.
  136  116     1979.
  136  117      364.
  136  125       51.
  136  126     1800.
  136  127      466.
  136  135       90.
  136  136     1910.
  136  137      411.
  136  145      101.
  136  146      950.
  136  147      131.
  136  155       17.
  136  156      171.
  136  157        7.
  136  165        4.
  136  166       38.
  136  175       10.
  136  176       13.
  136  185        2.
  136  186        2.

  137   35        2.
  137   36       39.
  137   45        2.
  137   46       62.
  137   55        1.
  137   56       22.
  137   66       74.
  137   75        3.
  137   76      172.
  137   77       50.
  137   85       10.
  137   86      223.
  137   87      102.
  137   95       17.
  137   96      387.
  137   97      131.
  137  105       22.
  137  106      738.
  137  107      299.
  137  115       24.
  137  116     1390.
  137  117      494.
  137  125       28.
  137  126     1788.
  137  127      823.
  137  135       45.
  137  136     2149.
  137  137      881.
  137  145       50.
  137  146     1748.
  137  147      241.
  137  155       41.
  137  156      554.
  137  157       19.
  137  165       22.
  137  166      122.
  137  175       15.
  137  176        9.
  137  185        1.

  138  117        1.
  138  118        4.
  138  127        4.
  138  128       80.
  138  137        9.
  138  138      467.
  138  139        2.
  138  146        1.
  138  147       43.
  138  148     2478.
  138  149       52.
  138  157      227.
  138  158     8629.
  138  159       35.
  138  166        1.
  138  167      140.
  138  168      603.
  138  177       14.
  138  178       10.

  141   32        5.
  141   33        1.
  141   41       11.
  141   42       23.
  141   43       15.
  141   51       89.
  141   52       76.
  141   53       11.
  141   61      109.
  141   62       98.
  141   63       14.
  141   64        1.
  141   71       70.
  141   72       83.
  141   73       11.
  141   81      126.
  141   82      134.
  141   83       18.
  141   91      137.
  141   92      132.
  141   93       12.
  141   94        2.
  141  101      155.
  141  102      157.
  141  103       15.
  141  111      366.
  141  112      219.
  141  113       24.
  141  121      482.
  141  122      252.
  141  123       13.
  141  131      864.
  141  132      360.
  141  133       25.
  141  141     1355.
  141  142      399.
  141  143       20.
  141  151     1102.
  141  152      400.
  141  153       18.
  141  154        1.
  141  161      997.
  141  162      333.
  141  163       27.
  141  164        4.
  141  171      731.
  141  172      272.
  141  173       35.
  141  174       11.
  141  181      618.
  141  182      232.
  141  183       37.
  141  184        5.
  141  191      420.
  141  192      203.
  141  193       17.
  141  201      394.
  141  202       94.
  141  203        7.
  141  211      267.
  141  212       49.
  141  213        5.
  141  221      176.
  141  222       38.
  141  231      150.
  141  232       32.
  141  241      105.
  141  242        7.
  141  251       66.
  141  252       10.
  141  261       31.
  141  271       16.
  141  281        5.
  141  291        1.

  143   53        6.
  143   63       25.
  143   72        4.
  143   73       33.
  143   74        1.
  143   82        9.
  143   83       64.
  143   84        6.
  143   92       35.
  143   93      246.
  143   94       29.
  143  102       50.
  143  103      838.
  143  104      185.
  143  105        2.
  143  112       67.
  143  113     1713.
  143  114      314.
  143  122       75.
  143  123     1596.
  143  124      465.
  143  132       92.
  143  133     2278.
  143  134      568.
  143  135        1.
  143  142      115.
  143  143     2710.
  143  144      388.
  143  152       58.
  143  153      616.
  143  154      136.
  143  155        2.
  143  162        7.
  143  163       24.
  143  164       31.
  143  173        1.
  143  174        9.
  143  184        1.

  145   34        1.
  145   35        9.
  145   36        1.
  145   45       35.
  145   46       17.
  145   54        4.
  145   55       56.
  145   56       22.
  145   64       15.
  145   65       47.
  145   66       50.
  145   67        3.
  145   74        1.
  145   75       55.
  145   76      223.
  145   77      102.
  145   84        8.
  145   85      130.
  145   86      394.
  145   87      126.
  145   94        2.
  145   95      150.
  145   96      616.
  145   97       91.
  145  104       10.
  145  105      170.
  145  106     1252.
  145  107      210.
  145  114       24.
  145  115      318.
  145  116     1564.
  145  117      154.
  145  124       17.
  145  125      691.
  145  126     1268.
  145  127       33.
  145  134       15.
  145  135      991.
  145  136     1460.
  145  137        3.
  145  144       10.
  145  145     1113.
  145  146      984.
  145  147        7.
  145  148       12.
  145  154        4.
  145  155      127.
  145  156       94.
  145  157       13.
  145  158       60.
  145  164        3.
  145  165       12.
  145  166        8.
  145  167        5.
  145  168        9.
  145  178        1.

  146   36        6.
  146   46        2.
  146   56       11.
  146   66       42.
  146   67        1.
  146   75        2.
  146   76      164.
  146   77       53.
  146   85        7.
  146   86      158.
  146   87       47.
  146   95        8.
  146   96      275.
  146   97       57.
  146  105       19.
  146  106      572.
  146  107      133.
  146  115       24.
  146  116     1217.
  146  117      402.
  146  125       57.
  146  126     1780.
  146  127      698.
  146  135       67.
  146  136     2546.
  146  137      706.
  146  145      128.
  146  146     2345.
  146  147      296.
  146  155       70.
  146  156      705.
  146  157       24.
  146  165       26.
  146  166      116.
  146  175       17.
  146  176       11.
  146  184        1.
  146  185        2.
  146  186        3.
  146  195        2.

  147  105        2.
  147  106       23.
  147  107        3.
  147  115        5.
  147  116       73.
  147  117       61.
  147  126      143.
  147  127      359.
  147  128        3.
  147  135        1.
  147  136      157.
  147  137      907.
  147  138       42.
  147  139        1.
  147  145        2.
  147  146      125.
  147  147     2245.
  147  148      786.
  147  149        2.
  147  155        8.
  147  156      119.
  147  157     3340.
  147  158     1770.
  147  159        1.
  147  165        3.
  147  166       93.
  147  167     1574.
  147  168      416.
  147  175        3.
  147  176       76.
  147  177      351.
  147  178       17.
  147  185        1.
  147  186       30.
  147  187       37.
  147  196       13.
  147  197        6.
  147  206        1.
  147  207        1.

  148  127        3.
  148  128       12.
  148  137        2.
  148  138      152.
  148  147       11.
  148  148     2426.
  148  149       45.
  148  157      144.
  148  158     9125.
  148  159       36.
  148  167      141.
  148  168      691.
  148  177        7.
  148  178        5.

  149  128        7.
  149  138      157.
  149  139        1.
  149  147       12.
  149  148     2398.
  149  149      195.
  149  157      149.
  149  158     9011.
  149  159       33.
  149  167      130.
  149  168      677.
  149  177       22.
  149  178        8.

  151   31        2.
  151   32        7.
  151   41       20.
  151   42       17.
  151   51        3.
  151   52       17.
  151   61        6.
  151   62       26.
  151   63        1.
  151   71       12.
  151   72       38.
  151   73       28.
  151   74        1.
  151   81       36.
  151   82       78.
  151   83       30.
  151   91       33.
  151   92       83.
  151   93       13.
  151  101       69.
  151  102       66.
  151  103        3.
  151  111      160.
  151  112      125.
  151  113        7.
  151  121      329.
  151  122      223.
  151  123        8.
  151  131      391.
  151  132      355.
  151  133       15.
  151  141      685.
  151  142      470.
  151  143       25.
  151  151     1300.
  151  152      529.
  151  153       27.
  151  154        1.
  151  161     1082.
  151  162      516.
  151  163       38.
  151  171      987.
  151  172      458.
  151  173       22.
  151  181      800.
  151  182      352.
  151  183       23.
  151  191      643.
  151  192      311.
  151  193       10.
  151  201      538.
  151  202      212.
  151  203        8.
  151  210        1.
  151  211      516.
  151  212      123.
  151  220        1.
  151  221      341.
  151  222       80.
  151  231      159.
  151  232       52.
  151  241      115.
  151  242       28.
  151  251       58.
  151  252        4.
  151  260        1.
  151  261       24.
  151  262        1.
  151  270        9.
  151  271       26.
  151  280        5.
  151  281        7.
  151  290        1.
  151  291        2.
  151  300        1.
  151  301        6.

  155   36        1.
  155   45       32.
  155   46       28.
  155   55       47.
  155   56       31.
  155   64        3.
  155   65       52.
  155   66       78.
  155   67        2.
  155   74       15.
  155   75       62.
  155   76      180.
  155   77       35.
  155   84       29.
  155   85       70.
  155   86      266.
  155   87       59.
  155   94       51.
  155   95      140.
  155   96      322.
  155   97       45.
  155  104       34.
  155  105      218.
  155  106      834.
  155  107      132.
  155  114       50.
  155  115      342.
  155  116     1095.
  155  117      108.
  155  124       54.
  155  125      665.
  155  126     1063.
  155  127       71.
  155  134       73.
  155  135      927.
  155  136     1219.
  155  137       54.
  155  144      100.
  155  145     1237.
  155  146     1289.
  155  147       38.
  155  154       77.
  155  155      751.
  155  156      496.
  155  157       13.
  155  164       30.
  155  165      114.
  155  166      137.
  155  167        3.
  155  174        3.
  155  175       15.
  155  176       10.

  156   45        3.
  156   46        3.
  156   55        9.
  156   56        1.
  156   65        6.
  156   66       28.
  156   75        3.
  156   76       55.
  156   77        7.
  156   85       12.
  156   86      112.
  156   87        8.
  156   95       14.
  156   96      211.
  156   97       44.
  156  105       32.
  156  106      445.
  156  107      123.
  156  115       35.
  156  116      804.
  156  117      282.
  156  125       68.
  156  126     1391.
  156  127      496.
  156  135      125.
  156  136     2539.
  156  137      649.
  156  138        1.
  156  145      115.
  156  146     2746.
  156  147      301.
  156  148        4.
  156  154        1.
  156  155      113.
  156  156     1523.
  156  157       49.
  156  158        8.
  156  165       39.
  156  166      303.
  156  167        7.
  156  168        4.
  156  175       12.
  156  176       36.
  156  177        1.
  156  185        4.
  156  186       20.
  156  195        4.
  156  196        3.
  156  205        1.

  157  117        1.
  157  126       12.
  157  127       17.
  157  128       13.
  157  136        3.
  157  137       69.
  157  138      124.
  157  139        3.
  157  146        8.
  157  147      348.
  157  148     2160.
  157  149       20.
  157  156       17.
  157  157     1455.
  157  158     7228.
  157  159       21.
  157  166       26.
  157  167      476.
  157  168      751.
  157  176        7.
  157  177       36.
  157  178        5.

  158  128       10.
  158  137       10.
  158  138      155.
  158  139        1.
  158  147       33.
  158  148     1932.
  158  149       48.
  158  157      260.
  158  158     9071.
  158  159       20.
  158  166        4.
  158  167      262.
  158  168      957.
  158  177       31.
  158  178        6.

  159  118        3.
  159  127        2.
  159  128       33.
  159  137        4.
  159  138      147.
  159  139        4.
  159  147       19.
  159  148     2288.
  159  149       36.
  159  157      135.
  159  158     9178.
  159  159      159.
  159  167      114.
  159  168      653.
  159  177       16.
  159  178        9.

  161   32       42.
  161   42       11.
  161   51        8.
  161   52        6.
  161   61        5.
  161   62       34.
  161   71        7.
  161   72       14.
  161   81       30.
  161   82       20.
  161   83        4.
  161   84        1.
  161   91       35.
  161   92       42.
  161   93        4.
  161  101       37.
  161  102       72.
  161  103        7.
  161  104        1.
  161  111       65.
  161  112      163.
  161  113       11.
  161  114        1.
  161  121      111.
  161  122      233.
  161  123       15.
  161  124        4.
  161  131      244.
  161  132      228.
  161  133       25.
  161  134        9.
  161  135        2.
  161  141      465.
  161  142      316.
  161  143       33.
  161  144        6.
  161  145        7.
  161  151      789.
  161  152      413.
  161  153       38.
  161  154        4.
  161  161     1311.
  161  162      496.
  161  163        8.
  161  171     1237.
  161  172      531.
  161  173       20.
  161  174        1.
  161  175        2.
  161  176        1.
  161  180        1.
  161  181      918.
  161  182      393.
  161  183       46.
  161  184        3.
  161  185       13.
  161  186        2.
  161  191      844.
  161  192      260.
  161  193       16.
  161  194        3.
  161  195        7.
  161  201      747.
  161  202      211.
  161  203       17.
  161  204        6.
  161  205        6.
  161  211      562.
  161  212      152.
  161  213        6.
  161  221      363.
  161  222      135.
  161  223        5.
  161  230        1.
  161  231      296.
  161  232       62.
  161  233        2.
  161  241      198.
  161  242       26.
  161  251      122.
  161  252       11.
  161  260        1.
  161  261       83.
  161  262        4.
  161  271       55.
  161  281       24.
  161  290        4.
  161  291       24.
  161  300        1.
  161  301        1.

  165   34       21.
  165   35        6.
  165   44       18.
  165   45        7.
  165   54       14.
  165   55       17.
  165   64        6.
  165   65       11.
  165   66        3.
  165   74       12.
  165   75       39.
  165   76       38.
  165   77        4.
  165   84       11.
  165   85       88.
  165   86       65.
  165   87       10.
  165   94       11.
  165   95      178.
  165   96      131.
  165   97        9.
  165  104       32.
  165  105      337.
  165  106      279.
  165  107       20.
  165  114       40.
  165  115      613.
  165  116      484.
  165  117       36.
  165  124       50.
  165  125      820.
  165  126      553.
  165  127       71.
  165  134       82.
  165  135     1060.
  165  136      868.
  165  137      105.
  165  144       78.
  165  145     1210.
  165  146     1025.
  165  147       66.
  165  148        3.
  165  149        1.
  165  154       91.
  165  155     1216.
  165  156      918.
  165  157       26.
  165  158       27.
  165  164       76.
  165  165      881.
  165  166      473.
  165  167       12.
  165  168        2.
  165  174       40.
  165  175      253.
  165  176      159.
  165  184       11.
  165  185       39.
  165  186       37.
  165  194        1.
  165  195        5.
  165  196        1.

  166   45        1.
  166   46        2.
  166   55        3.
  166   56       15.
  166   65        8.
  166   66       18.
  166   67        1.
  166   75        7.
  166   76       39.
  166   77        2.
  166   85        7.
  166   86      113.
  166   87        4.
  166   95        9.
  166   96      173.
  166   97       16.
  166  105       21.
  166  106      236.
  166  107       42.
  166  115       16.
  166  116      407.
  166  117       91.
  166  124        1.
  166  125       49.
  166  126      770.
  166  127      242.
  166  135      111.
  166  136     1378.
  166  137      316.
  166  144        1.
  166  145      214.
  166  146     1949.
  166  147      269.
  166  148       10.
  166  154        1.
  166  155      376.
  166  156     2146.
  166  157      161.
  166  158       53.
  166  164        1.
  166  165      466.
  166  166     1658.
  166  167       76.
  166  168       11.
  166  174        8.
  166  175      340.
  166  176      579.
  166  177       30.
  166  184        1.
  166  185       95.
  166  186      178.
  166  187        7.
  166  194        2.
  166  195       15.
  166  196       47.
  166  205        3.
  166  206        5.

  167  117        1.
  167  118        4.
  167  127        8.
  167  128       21.
  167  137       12.
  167  138      151.
  167  139        2.
  167  147       39.
  167  148     1967.
  167  149       37.
  167  156        2.
  167  157      350.
  167  158     8473.
  167  159       18.
  167  166        8.
  167  167      554.
  167  168     1014.
  167  176        2.
  167  177      106.
  167  178       24.
  167  187        7.

  168   97        3.
  168   98        2.
  168  107       12.
  168  108        1.
  168  117        2.
  168  127       10.
  168  128        6.
  168  136        6.
  168  137       24.
  168  138      119.
  168  139        2.
  168  146        7.
  168  147       45.
  168  148     2145.
  168  149       56.
  168  156        1.
  168  157      236.
  168  158     8605.
  168  159       25.
  168  167      283.
  168  168     1102.
  168  176        1.
  168  177       81.
  168  178       23.
  168  187        3.

  171   32       39.
  171   42        9.
  171   51        4.
  171   52       16.
  171   61       11.
  171   62       14.
  171   71       12.
  171   72       12.
  171   73        2.
  171   81        8.
  171   82       33.
  171   83        8.
  171   84        1.
  171   91       13.
  171   92       38.
  171   93        9.
  171  101       30.
  171  102       40.
  171  103       10.
  171  111       42.
  171  112       62.
  171  113        4.
  171  121       92.
  171  122       80.
  171  123        9.
  171  131      129.
  171  132      118.
  171  133       20.
  171  141      221.
  171  142      199.
  171  143       18.
  171  151      485.
  171  152      255.
  171  153       35.
  171  154        3.
  171  160        1.
  171  161      822.
  171  162      392.
  171  163       54.
  171  164        1.
  171  171     1216.
  171  172      368.
  171  173       47.
  171  174        3.
  171  181     1174.
  171  182      438.
  171  183       49.
  171  184        1.
  171  190        2.
  171  191     1082.
  171  192      374.
  171  193       40.
  171  194       12.
  171  200        4.
  171  201     1000.
  171  202      308.
  171  203       55.
  171  204       19.
  171  211      790.
  171  212      223.
  171  213       43.
  171  214        3.
  171  220        4.
  171  221      504.
  171  222      138.
  171  223       18.
  171  230        3.
  171  231      437.
  171  232       82.
  171  233        3.
  171  240       10.
  171  241      313.
  171  242       63.
  171  250        5.
  171  251      223.
  171  252       39.
  171  260        5.
  171  261      116.
  171  262       25.
  171  270        4.
  171  271      115.
  171  272        7.
  171  280        8.
  171  281       49.
  171  290       16.
  171  291        7.
  171  300        4.

  175   55        1.
  175   65        4.
  175   66        1.
  175   74        5.
  175   75       16.
  175   76       25.
  175   84        1.
  175   85       16.
  175   86       53.
  175   87        1.
  175   94        1.
  175   95       45.
  175   96       80.
  175   97       13.
  175  105       41.
  175  106      120.
  175  107       16.
  175  114        1.
  175  115       30.
  175  116      276.
  175  117       52.
  175  124        1.
  175  125       58.
  175  126      550.
  175  127      156.
  175  134        2.
  175  135      131.
  175  136     1273.
  175  137      273.
  175  144        4.
  175  145      220.
  175  146     1782.
  175  147      144.
  175  154        3.
  175  155      339.
  175  156     2026.
  175  157       99.
  175  165      524.
  175  166     2107.
  175  167       46.
  175  168        2.
  175  174        8.
  175  175      789.
  175  176     1045.
  175  177        3.
  175  184        4.
  175  185      168.
  175  186      155.
  175  194        1.
  175  195       50.
  175  196       28.
  175  205       11.

  176   35       12.
  176   36        4.
  176   45       10.
  176   46        2.
  176   55       12.
  176   56        7.
  176   65        8.
  176   66        5.
  176   75        5.
  176   76        5.
  176   85        7.
  176   86       13.
  176   95       11.
  176   96       22.
  176  105       17.
  176  106       67.
  176  107       10.
  176  115       34.
  176  116      228.
  176  117       29.
  176  125       59.
  176  126      419.
  176  127       67.
  176  135       73.
  176  136      791.
  176  137      120.
  176  145      179.
  176  146     1438.
  176  147      102.
  176  155      326.
  176  156     2559.
  176  157      139.
  176  165      333.
  176  166     3190.
  176  167      103.
  176  174        3.
  176  175      327.
  176  176     1588.
  176  177        9.
  176  184        2.
  176  185      149.
  176  186      253.
  176  194        3.
  176  195       38.
  176  196       20.
  176  205        2.

  177  106        1.
  177  107        2.
  177  116       11.
  177  117       20.
  177  118        1.
  177  126       28.
  177  127       96.
  177  128        3.
  177  136       42.
  177  137      272.
  177  138       75.
  177  139        1.
  177  146       56.
  177  147      734.
  177  148      770.
  177  149       17.
  177  155        3.
  177  156       48.
  177  157     1755.
  177  158     3506.
  177  159        8.
  177  166       80.
  177  167     2194.
  177  168     1330.
  177  175        1.
  177  176      130.
  177  177     1211.
  177  178      160.
  177  186       48.
  177  187      171.
  177  188        3.
  177  196       14.
  177  197        7.
  177  206        2.

  178  127        6.
  178  128        3.
  178  136        3.
  178  137       25.
  178  138       24.
  178  146        7.
  178  147      143.
  178  148      547.
  178  149       15.
  178  156       15.
  178  157      425.
  178  158     2466.
  178  159       11.
  178  166       18.
  178  167      777.
  178  168      820.
  178  176       22.
  178  177      509.
  178  178      150.
  178  186       29.
  178  187      175.
  178  196        8.
  178  197        2.

  181   62        2.
  181   72       12.
  181   81        2.
  181   82       11.
  181   83        2.
  181   91        8.
  181   92        9.
  181   93        1.
  181  101       28.
  181  102       33.
  181  111       47.
  181  112       49.
  181  113        1.
  181  121       65.
  181  122       69.
  181  123        4.
  181  124        1.
  181  125        1.
  181  131      131.
  181  132      124.
  181  133        6.
  181  134        2.
  181  135        2.
  181  141      236.
  181  142      179.
  181  143        5.
  181  144        1.
  181  145        6.
  181  151      396.
  181  152      241.
  181  155        2.
  181  156        1.
  181  161      610.
  181  162      247.
  181  163        6.
  181  164        1.
  181  165        5.
  181  171      910.
  181  172      367.
  181  173        8.
  181  174        3.
  181  175        2.
  181  181     1360.
  181  182      495.
  181  183       27.
  181  184       14.
  181  190        1.
  181  191     1242.
  181  192      419.
  181  193       30.
  181  194        4.
  181  195        2.
  181  200        2.
  181  201     1171.
  181  202      367.
  181  203       29.
  181  204        3.
  181  210        4.
  181  211      871.
  181  212      328.
  181  213       21.
  181  221      642.
  181  222      161.
  181  223       15.
  181  230       11.
  181  231      552.
  181  232       81.
  181  233       12.
  181  240       12.
  181  241      435.
  181  242       72.
  181  243        2.
  181  250       25.
  181  251      260.
  181  252       30.
  181  260        5.
  181  261      130.
  181  262        4.
  181  270        3.
  181  271       68.
  181  280        8.
  181  281       32.
  181  290        3.
  181  291       10.
  181  301        1.

  185   45       14.
  185   46        3.
  185   55       12.
  185   56       10.
  185   65        3.
  185   66        9.
  185   75        1.
  185   76       15.
  185   77        1.
  185   85        1.
  185   86       31.
  185   87        2.
  185   95        3.
  185   96       76.
  185   97       14.
  185  105       14.
  185  106      158.
  185  107       36.
  185  114        1.
  185  115       45.
  185  116      319.
  185  117       91.
  185  125      104.
  185  126      623.
  185  127      181.
  185  134        2.
  185  135      114.
  185  136      859.
  185  137      168.
  185  144        4.
  185  145      235.
  185  146     1282.
  185  147      134.
  185  148       12.
  185  154        8.
  185  155      354.
  185  156     1519.
  185  157       72.
  185  158       43.
  185  164        6.
  185  165      401.
  185  166     1452.
  185  167       47.
  185  168        9.
  185  174       13.
  185  175      740.
  185  176     1010.
  185  177        8.
  185  184       38.
  185  185     1027.
  185  186      462.
  185  187        6.
  185  194       52.
  185  195      495.
  185  196      203.
  185  204       20.
  185  205      161.
  185  206       41.
  185  214        2.
  185  215       29.
  185  216        3.
  185  224        1.
  185  225        1.

  186   85        4.
  186   86        3.
  186   96        7.
  186   97        3.
  186  105        2.
  186  106       26.
  186  107        6.
  186  115        8.
  186  116       70.
  186  117       16.
  186  125       14.
  186  126      186.
  186  127       21.
  186  135       33.
  186  136      262.
  186  137       50.
  186  144        1.
  186  145       59.
  186  146      563.
  186  147       52.
  186  148        9.
  186  154        3.
  186  155      122.
  186  156      905.
  186  157       53.
  186  158       40.
  186  164        9.
  186  165      188.
  186  166     1039.
  186  167       48.
  186  174       12.
  186  175      266.
  186  176      669.
  186  177       26.
  186  184        5.
  186  185      394.
  186  186      557.
  186  187       12.
  186  194       13.
  186  195      542.
  186  196      310.
  186  197        4.
  186  204       25.
  186  205      265.
  186  206       89.
  186  214        7.
  186  215       81.
  186  216        2.
  186  224        9.
  186  225        9.
  186  234        1.

  187  118        1.
  187  126        2.
  187  127        1.
  187  128       10.
  187  136        4.
  187  137       27.
  187  138       43.
  187  139        1.
  187  146        3.
  187  147      121.
  187  148      577.
  187  149       17.
  187  156        1.
  187  157      366.
  187  158     2709.
  187  159        9.
  187  166       14.
  187  167      821.
  187  168      948.
  187  176       19.
  187  177      529.
  187  178      138.
  187  186       40.
  187  187      171.
  187  188        1.
  187  196       24.
  187  197        3.

  191   31        1.
  191   32        2.
  191   41        4.
  191   42       10.
  191   51        3.
  191   61        5.
  191   62        5.
  191   71       15.
  191   72       10.
  191   81       20.
  191   82        8.
  191   91        8.
  191   92        3.
  191  101       16.
  191  102       33.
  191  111       29.
  191  112       46.
  191  113        6.
  191  121       49.
  191  122       59.
  191  123       15.
  191  131      117.
  191  132       90.
  191  133       18.
  191  134        2.
  191  141      131.
  191  142      140.
  191  143       17.
  191  144        5.
  191  151      234.
  191  152      168.
  191  153       17.
  191  154        1.
  191  161      423.
  191  162      214.
  191  163       32.
  191  164        3.
  191  171      671.
  191  172      315.
  191  173       27.
  191  180        1.
  191  181     1028.
  191  182      360.
  191  183       15.
  191  191     1449.
  191  192      340.
  191  193       23.
  191  201     1247.
  191  202      341.
  191  203       29.
  191  210        1.
  191  211     1212.
  191  212      285.
  191  213        2.
  191  220        4.
  191  221      893.
  191  222      229.
  191  223        3.
  191  230        4.
  191  231      666.
  191  232      188.
  191  233        2.
  191  240        4.
  191  241      476.
  191  242      129.
  191  243        5.
  191  250        6.
  191  251      377.
  191  252       28.
  191  253        1.
  191  260        8.
  191  261      244.
  191  262       14.
  191  270        7.
  191  271      110.
  191  272        8.
  191  280        3.
  191  281       51.
  191  290        3.
  191  291       23.
  191  300        2.
  191  301        6.
  191  310        1.

  195   86        3.
  195   96        8.
  195   97        1.
  195  106       11.
  195  107        4.
  195  115        3.
  195  116       27.
  195  117       17.
  195  125       11.
  195  126       91.
  195  127       27.
  195  135       16.
  195  136      149.
  195  137       62.
  195  138        3.
  195  145       45.
  195  146      333.
  195  147       85.
  195  148       34.
  195  149        1.
  195  155       75.
  195  156      560.
  195  157       58.
  195  158      107.
  195  164        9.
  195  165      148.
  195  166      819.
  195  167       55.
  195  168       27.
  195  174       17.
  195  175      241.
  195  176      604.
  195  177       35.
  195  178        1.
  195  184       13.
  195  185      395.
  195  186      473.
  195  187       28.
  195  194       20.
  195  195      462.
  195  196      243.
  195  204       12.
  195  205      213.
  195  206       66.
  195  214        8.
  195  215       60.
  195  216        9.
  195  224        1.
  195  225       10.

  196   66        2.
  196   75        1.
  196   76        9.
  196   85        1.
  196   86       18.
  196   87        1.
  196   95        2.
  196   96       13.
  196  105        3.
  196  106       20.
  196  107        2.
  196  115        9.
  196  116       26.
  196  117       23.
  196  125       33.
  196  126      124.
  196  127       33.
  196  134        1.
  196  135       37.
  196  136      214.
  196  137      103.
  196  138       13.
  196  139        1.
  196  144        1.
  196  145       59.
  196  146      360.
  196  147      178.
  196  148      146.
  196  154        1.
  196  155      122.
  196  156      540.
  196  157      355.
  196  158      764.
  196  159        2.
  196  164        4.
  196  165      198.
  196  166      803.
  196  167      581.
  196  168      266.
  196  175      266.
  196  176     1008.
  196  177      553.
  196  178       33.
  196  184        4.
  196  185      552.
  196  186     1617.
  196  187      305.
  196  194       29.
  196  195      685.
  196  196     1600.
  196  197       74.
  196  204       19.
  196  205      415.
  196  206      422.
  196  214        6.
  196  215      104.
  196  216       33.
  196  224        3.
  196  225        3.

  201   71        8.
  201   72        2.
  201   81       40.
  201   82        4.
  201   91       13.
  201   92        1.
  201  101        4.
  201  111        5.
  201  121        6.
  201  122        6.
  201  131       22.
  201  132       39.
  201  133        2.
  201  141       50.
  201  142       54.
  201  143        4.
  201  151      133.
  201  152       66.
  201  153        9.
  201  161      273.
  201  162      152.
  201  163       23.
  201  164        3.
  201  171      403.
  201  172      154.
  201  173       35.
  201  174       11.
  201  181      554.
  201  182      235.
  201  183       40.
  201  184       13.
  201  185        2.
  201  191      973.
  201  192      236.
  201  193       32.
  201  194       15.
  201  200        2.
  201  201     1487.
  201  202      310.
  201  203       32.
  201  211     1398.
  201  212      306.
  201  213       28.
  201  220        3.
  201  221     1244.
  201  222      324.
  201  223       15.
  201  230        5.
  201  231     1048.
  201  232      268.
  201  233       21.
  201  240        6.
  201  241      867.
  201  242      125.
  201  243       17.
  201  250       18.
  201  251      562.
  201  252       58.
  201  260       40.
  201  261      465.
  201  262       20.
  201  270       37.
  201  271      212.
  201  272        6.
  201  280       37.
  201  281      123.
  201  290       25.
  201  291       36.
  201  300        7.
  201  301       12.
  201  310        7.
  201  311        6.
  201  320        1.

  211   62        2.
  211   72        3.
  211   73        2.
  211   83        2.
  211   92        3.
  211   93        3.
  211  101        1.
  211  102        3.
  211  103        1.
  211  111        1.
  211  112        9.
  211  121        3.
  211  122        4.
  211  131        9.
  211  132       20.
  211  133        4.
  211  141       60.
  211  142       38.
  211  143       14.
  211  151      102.
  211  152       80.
  211  153       13.
  211  161      185.
  211  162      154.
  211  163       14.
  211  171      279.
  211  172      232.
  211  173        7.
  211  181      438.
  211  182      242.
  211  183       27.
  211  184        1.
  211  190        1.
  211  191      612.
  211  192      246.
  211  193       19.
  211  200        2.
  211  201      984.
  211  202      346.
  211  203       15.
  211  210        2.
  211  211     1418.
  211  212      444.
  211  213       18.
  211  214        3.
  211  220        7.
  211  221     1258.
  211  222      409.
  211  223       43.
  211  224        9.
  211  230        5.
  211  231     1057.
  211  232      372.
  211  233       20.
  211  234        5.
  211  240        9.
  211  241      825.
  211  242      241.
  211  243       11.
  211  250       12.
  211  251      766.
  211  252      178.
  211  253       21.
  211  260       23.
  211  261      605.
  211  262       69.
  211  263        3.
  211  270       30.
  211  271      358.
  211  272       16.
  211  280       31.
  211  281      161.
  211  282        8.
  211  290        8.
  211  291       79.
  211  300       25.
  211  301       42.
  211  310       13.
  211  311       15.

  221   83        2.
  221   92        6.
  221  102        8.
  221  112        7.
  221  122        9.
  221  123        1.
  221  131        1.
  221  132       21.
  221  133        1.
  221  141        4.
  221  142       34.
  221  151       43.
  221  152       38.
  221  161      101.
  221  162       50.
  221  171      175.
  221  172       95.
  221  181      290.
  221  182      133.
  221  183        1.
  221  191      394.
  221  192      185.
  221  193        7.
  221  194        1.
  221  201      511.
  221  202      260.
  221  203       11.
  221  204        4.
  221  210        4.
  221  211      820.
  221  212      278.
  221  213        7.
  221  214        2.
  221  220        5.
  221  221     1369.
  221  222      262.
  221  223       10.
  221  224        4.
  221  230       16.
  221  231     1407.
  221  232      243.
  221  233       17.
  221  240       23.
  221  241     1591.
  221  242      220.
  221  243       14.
  221  250       39.
  221  251     1274.
  221  252      117.
  221  253        1.
  221  260       62.
  221  261      987.
  221  262       47.
  221  270       66.
  221  271      737.
  221  272       22.
  221  280       67.
  221  281      380.
  221  282        7.
  221  290       58.
  221  291      148.
  221  300       42.
  221  301       59.
  221  311        2.

  231  121        2.
  231  131       10.
  231  132        5.
  231  141       11.
  231  142        5.
  231  151       29.
  231  152       14.
  231  161       36.
  231  162       58.
  231  171       48.
  231  172       77.
  231  173        4.
  231  181       90.
  231  182      150.
  231  183        5.
  231  191      187.
  231  192      165.
  231  193       17.
  231  194        3.
  231  201      343.
  231  202      257.
  231  203       32.
  231  204       12.
  231  205        4.
  231  210        1.
  231  211      508.
  231  212      322.
  231  213       38.
  231  214       21.
  231  215        3.
  231  220        1.
  231  221      860.
  231  222      464.
  231  223       50.
  231  224       34.
  231  225        1.
  231  230       11.
  231  231     1541.
  231  232      532.
  231  233       56.
  231  234        1.
  231  240       13.
  231  241     1495.
  231  242      421.
  231  243       43.
  231  244        1.
  231  250       34.
  231  251     1501.
  231  252      327.
  231  253        9.
  231  260       53.
  231  261     1140.
  231  262      189.
  231  263       12.
  231  270       79.
  231  271      792.
  231  272       69.
  231  280       45.
  231  281      346.
  231  282        9.
  231  290       37.
  231  291      124.
  231  300       18.
  231  301       34.
  231  310        1.

  241   62        2.
  241   71        1.
  241   72       15.
  241   81        2.
  241   82       10.
  241   91        2.
  241   92        4.
  241  101        1.
  241  102        5.
  241  112        2.
  241  122        1.
  241  132        1.
  241  142        8.
  241  151        2.
  241  152       14.
  241  153       11.
  241  161       13.
  241  162       13.
  241  163        3.
  241  171       67.
  241  172       20.
  241  173        5.
  241  181       92.
  241  182       66.
  241  183        1.
  241  191      164.
  241  192       99.
  241  193        9.
  241  201      299.
  241  202      146.
  241  203       12.
  241  211      425.
  241  212      232.
  241  213       30.
  241  220        2.
  241  221      685.
  241  222      336.
  241  223       46.
  241  230        9.
  241  231     1086.
  241  232      413.
  241  233       33.
  241  234        2.
  241  240       19.
  241  241     1869.
  241  242      454.
  241  243        9.
  241  250       26.
  241  251     1852.
  241  252      342.
  241  253        5.
  241  260       22.
  241  261     1427.
  241  262      150.
  241  263        1.
  241  270       31.
  241  271     1022.
  241  272       46.
  241  280       68.
  241  281      556.
  241  282       14.
  241  290       94.
  241  291      255.
  241  292        2.
  241  300       59.
  241  301       65.
  241  310       20.
  241  320        3.

  251  141        2.
  251  142        1.
  251  151        3.
  251  152        9.
  251  161        4.
  251  162       15.
  251  171       21.
  251  172       10.
  251  181       27.
  251  182       11.
  251  191       48.
  251  192       32.
  251  201      102.
  251  202       65.
  251  203        2.
  251  211      212.
  251  212       98.
  251  213        2.
  251  220        1.
  251  221      490.
  251  222      127.
  251  223        2.
  251  230        9.
  251  231      883.
  251  232      178.
  251  233       24.
  251  234        5.
  251  240       26.
  251  241     1376.
  251  242      211.
  251  243       29.
  251  244        3.
  251  250       63.
  251  251     2297.
  251  252      318.
  251  253       30.
  251  260       69.
  251  261     1998.
  251  262      236.
  251  263       24.
  251  270       71.
  251  271     1409.
  251  272      116.
  251  273        2.
  251  280       90.
  251  281      879.
  251  282       43.
  251  290      197.
  251  291      489.
  251  292        6.
  251  300      139.
  251  301      199.
  251  310       69.
  251  311       13.
  251  320       15.

  261  132        2.
  261  142        2.
  261  152        7.
  261  153        1.
  261  161        1.
  261  162        9.
  261  163        3.
  261  171       19.
  261  172       43.
  261  181       27.
  261  182       64.
  261  183        4.
  261  191       71.
  261  192       54.
  261  193        6.
  261  200        1.
  261  201       90.
  261  202       65.
  261  203       10.
  261  210        2.
  261  211      184.
  261  212      116.
  261  213       14.
  261  214        1.
  261  220        1.
  261  221      318.
  261  222      135.
  261  223       21.
  261  224        1.
  261  230        9.
  261  231      467.
  261  232      141.
  261  233       11.
  261  234        1.
  261  240       34.
  261  241      780.
  261  242      185.
  261  243       13.
  261  250       36.
  261  251     1299.
  261  252      199.
  261  253       11.
  261  260       44.
  261  261     1955.
  261  262      220.
  261  263        2.
  261  270       91.
  261  271     1888.
  261  272      176.
  261  273        6.
  261  280      220.
  261  281     1576.
  261  282       64.
  261  290      456.
  261  291      923.
  261  292        9.
  261  300      328.
  261  301      319.
  261  310       48.
  261  311       17.

  271  142        7.
  271  152        7.
  271  161        2.
  271  162       10.
  271  171       17.
  271  172       15.
  271  181       35.
  271  182       13.
  271  191       30.
  271  192       21.
  271  201       37.
  271  202       22.
  271  203        3.
  271  211       82.
  271  212       41.
  271  213        4.
  271  221      140.
  271  222       42.
  271  223        1.
  271  230        4.
  271  231      188.
  271  232       40.
  271  233        7.
  271  240        1.
  271  241      332.
  271  242       71.
  271  243        6.
  271  250       26.
  271  251      765.
  271  252      134.
  271  253        5.
  271  260       52.
  271  261     1561.
  271  262      170.
  271  263        4.
  271  270      139.
  271  271     2459.
  271  272      159.
  271  280      309.
  271  281     2296.
  271  282       58.
  271  290      559.
  271  291     1426.
  271  292        3.
  271  300      622.
  271  301      539.
  271  310      261.
  271  311       40.
  271  320       35.

  280  211        7.
  280  220        1.
  280  221       27.
  280  230        1.
  280  231       47.
  280  232        2.
  280  233        3.
  280  240        1.
  280  241       68.
  280  242        9.
  280  243        5.
  280  250        4.
  280  251       86.
  280  252       14.
  280  253        2.
  280  260       17.
  280  261      161.
  280  262        5.
  280  270       78.
  280  271      337.
  280  272       33.
  280  280      471.
  280  281      564.
  280  282       23.
  280  290      680.
  280  291     1014.
  280  292        5.
  280  300      395.
  280  301      466.
  280  310       52.
  280  311       21.
  280  320        1.

  281  181        8.
  281  191       21.
  281  192        6.
  281  201       37.
  281  202       17.
  281  203        2.
  281  211       82.
  281  212       60.
  281  213        1.
  281  220        2.
  281  221      118.
  281  222       78.
  281  223       10.
  281  230        1.
  281  231      182.
  281  232      110.
  281  233       10.
  281  234        2.
  281  240        1.
  281  241      313.
  281  242      103.
  281  243       11.
  281  250       24.
  281  251      532.
  281  252      121.
  281  253        4.
  281  260       62.
  281  261      966.
  281  262      202.
  281  263        4.
  281  270      158.
  281  271     1569.
  281  272      172.
  281  280      478.
  281  281     2354.
  281  282      110.
  281  290      905.
  281  291     2114.
  281  292       20.
  281  300      763.
  281  301      807.
  281  310      211.
  281  311       37.
  281  320       12.

  290  202        6.
  290  203        1.
  290  212        5.
  290  213        5.
  290  221       22.
  290  222       14.
  290  223        6.
  290  230        2.
  290  231       40.
  290  232       19.
  290  233        5.
  290  240        4.
  290  241       58.
  290  242       32.
  290  243        1.
  290  250        1.
  290  251       96.
  290  252       53.
  290  260       12.
  290  261      202.
  290  262       44.
  290  270       63.
  290  271      358.
  290  272       29.
  290  280      400.
  290  281      568.
  290  282       33.
  290  290      627.
  290  291      881.
  290  292        5.
  290  300      409.
  290  301      299.
  290  310       83.
  290  311       10.
  290  320        7.

  291  190        1.
  291  191        3.
  291  201        2.
  291  210        1.
  291  211        9.
  291  212        1.
  291  213        1.
  291  220        1.
  291  221       26.
  291  222        3.
  291  223        1.
  291  230        3.
  291  231       31.
  291  232        6.
  291  233       17.
  291  240        3.
  291  241       64.
  291  242       29.
  291  243        6.
  291  250        7.
  291  251       94.
  291  252       55.
  291  253        3.
  291  260       13.
  291  261      141.
  291  262       37.
  291  263        1.
  291  270       64.
  291  271      208.
  291  272       34.
  291  280      376.
  291  281      465.
  291  282       29.
  291  290      598.
  291  291      700.
  291  292        8.
  291  300      351.
  291  301      338.
  291  310       61.
  291  311        7.
  291  320        2.

   31   21        1.
   31   31     3684.
   31   32      262.
   31   41     2581.
   31   42      332.
   31   51     2976.
   31   52      470.
   31   61     2055.
   31   62      411.
   31   71       19.
   31   72        9.

   32   21        1.
   32   31     2315.
   32   32     1188.
   32   41     1880.
   32   42     1338.
   32   43        1.
   32   51     3011.
   32   52      814.
   32   53        2.
   32   61     1742.
   32   62      484.
   32   63        7.
   32   71       11.
   32   72        6.

   34   25        1.
   34   34     4188.
   34   35     4056.
   34   36        1.
   34   43        2.
   34   44     1615.
   34   45     2816.
   34   46        5.
   34   54       72.
   34   55       38.
   34   64        4.
   34   74        2.

   35   24        1.
   35   25        4.
   35   34     1395.
   35   35     5510.
   35   36      107.
   35   44      564.
   35   45     5066.
   35   46       34.
   35   54        6.
   35   55       92.
   35   65       12.
   35   75        9.

   36   34      208.
   36   35     3225.
   36   36      954.
   36   44       96.
   36   45     1520.
   36   46      413.
   36   54        3.
   36   55       61.
   36   56       17.
   36   65        1.
   36   66        2.

   41   31     1685.
   41   32      106.
   41   41     1629.
   41   42      187.
   41   51     5153.
   41   52      609.
   41   53        2.
   41   61     2943.
   41   62      463.
   41   63        4.
   41   71       14.
   41   72        4.
   41   73        1.

   42   21        2.
   42   22        1.
   42   31     2891.
   42   32      263.
   42   41     2379.
   42   42      565.
   42   51     3342.
   42   52      638.
   42   53        1.
   42   61     2155.
   42   62      524.
   42   71       14.
   42   72        9.
   42   81        1.
   42   82       13.
   42   92        2.

   44   33       13.
   44   34        8.
   44   42        1.
   44   43       17.
   44   44      709.
   44   45        1.
   44   53       34.
   44   54     4022.
   44   55        9.
   44   63      131.
   44   64     5183.
   44   65       75.
   44   73      124.
   44   74     1719.
   44   75      191.
   44   83       37.
   44   84      238.
   44   85      101.
   44   94       59.
   44   95       61.
   44  103        6.
   44  104       34.
   44  105       17.
   44  113        1.
   44  114        9.

   45   34      418.
   45   35      670.
   45   36        4.
   45   44      707.
   45   45     2479.
   45   46      323.
   45   47        1.
   45   53       20.
   45   54     2044.
   45   55     3037.
   45   56      504.
   45   57        1.
   45   63        9.
   45   64      629.
   45   65     1148.
   45   66      138.
   45   73        5.
   45   74      186.
   45   75      306.
   45   76       66.
   45   77        1.
   45   84       37.
   45   85       36.
   45   86        8.
   45   94        8.
   45   95        2.
   45   96        4.
   45  104        9.

   46   34      226.
   46   35     5759.
   46   36     1784.
   46   44      148.
   46   45     3437.
   46   46     1141.
   46   54        7.
   46   55      215.
   46   56       43.
   46   65       10.
   46   66        6.
   46   75       10.
   46   76        2.
   46   85        5.
   46   86        2.
   46   95        5.

   51   22        5.
   51   31      106.
   51   32      100.
   51   33        2.
   51   41      365.
   51   42      286.
   51   43        1.
   51   51     6553.
   51   52     1295.
   51   53       10.
   51   61     3361.
   51   62      674.
   51   63        5.
   51   71       26.
   51   72       11.

   52   31       19.
   52   32        1.
   52   41       86.
   52   42       12.
   52   51     3963.
   52   52      582.
   52   53        2.
   52   61     2257.
   52   62      459.
   52   63        2.
   52   71       16.
   52   72        1.

   54   33       27.
   54   34        8.
   54   35        6.
   54   43       16.
   54   44      326.
   54   45       27.
   54   53       98.
   54   54     3568.
   54   55       29.
   54   63      205.
   54   64     5533.
   54   65       97.
   54   73      217.
   54   74     1968.
   54   75      167.
   54   83       56.
   54   84      258.
   54   85       86.
   54   93       14.
   54   94       59.
   54   95       27.
   54  103        1.
   54  104        5.
   54  105        2.

   55   34       77.
   55   35       67.
   55   36        6.
   55   44      359.
   55   45      946.
   55   46      107.
   55   47        1.
   55   53        3.
   55   54     1383.
   55   55     4039.
   55   56      215.
   55   57        3.
   55   63        2.
   55   64      840.
   55   65     2581.
   55   66      179.
   55   74      609.
   55   75      990.
   55   76       59.
   55   84       88.
   55   85      152.
   55   86       13.
   55   94        8.
   55   95       55.
   55   96        4.
   55  104        2.
   55  105       10.
   55  115        2.

   56   26        1.
   56   34       49.
   56   35     1453.
   56   36     1159.
   56   44       41.
   56   45     3000.
   56   46     2626.
   56   54       19.
   56   55     1875.
   56   56     1666.
   56   57        1.
   56   64        4.
   56   65       97.
   56   66      220.
   56   67        1.
   56   75       16.
   56   76      209.
   56   77        1.
   56   85       12.
   56   86       86.
   56   96       24.
   56   97        2.
   56  106       47.
   56  107        5.
   56  115        2.
   56  116       74.
   56  117       19.
   56  126       44.
   56  127       16.
   56  135        1.
   56  136       21.
   56  137        5.
   56  146        4.

   61   31       65.
   61   32       29.
   61   41      152.
   61   42       40.
   61   51     6114.
   61   52      781.
   61   53        1.
   61   61     4861.
   61   62      720.
   61   71       30.
   61   72        7.

   62   31       13.
   62   32        1.
   62   41       60.
   62   42       12.
   62   51     2707.
   62   52      383.
   62   53        1.
   62   61     1765.
   62   62      411.
   62   63        1.
   62   71       32.
   62   72        8.
   62   82        6.

   64   43        1.
   64   44      100.
   64   53       23.
   64   54     1330.
   64   55       30.
   64   56        2.
   64   63      155.
   64   64     4122.
   64   65      563.
   64   66       13.
   64   73      280.
   64   74     3376.
   64   75      682.
   64   76       40.
   64   83      106.
   64   84     1071.
   64   85      322.
   64   86       69.
   64   93       21.
   64   94      238.
   64   95       85.
   64   96       23.
   64  103        1.
   64  104       57.
   64  105       24.
   64  106        6.
   64  113        3.
   64  114       30.
   64  115        2.
   64  123        1.
   64  124       15.
   64  134        8.
   64  144        1.

   65   35        1.
   65   44       49.
   65   45      110.
   65   46        6.
   65   53        1.
   65   54      458.
   65   55      987.
   65   56       13.
   65   63       21.
   65   64     1906.
   65   65     3290.
   65   66       86.
   65   73       18.
   65   74     2149.
   65   75     2355.
   65   76      128.
   65   83       10.
   65   84      444.
   65   85      575.
   65   86       67.
   65   94       21.
   65   95       61.
   65   96       28.
   65  105       13.
   65  106        2.
   65  115        1.

   66   34        3.
   66   35      199.
   66   36     1378.
   66   44       25.
   66   45     1458.
   66   46     2669.
   66   47        1.
   66   54       12.
   66   55     1706.
   66   56     1720.
   66   57        3.
   66   65      181.
   66   66      794.
   66   67        5.
   66   75      107.
   66   76      772.
   66   77       74.
   66   85       53.
   66   86      416.
   66   87       62.
   66   95       21.
   66   96      222.
   66   97       42.
   66  105        9.
   66  106      262.
   66  107       35.
   66  115        4.
   66  116      285.
   66  117       29.
   66  125        7.
   66  126      138.
   66  127       18.
   66  135       13.
   66  136       53.
   66  137        4.
   66  146       18.
   66  156        2.

   71   31       18.
   71   32        3.
   71   41       87.
   71   42       13.
   71   51     5704.
   71   52      681.
   71   53        8.
   71   61     3745.
   71   62      624.
   71   71      193.
   71   72       21.
   71   81        2.
   71   82        1.

   72   31       83.
   72   32       67.
   72   33        3.
   72   41      299.
   72   42      206.
   72   43        1.
   72   51     5203.
   72   52     1149.
   72   53        1.
   72   61     3881.
   72   62     1287.
   72   63        6.
   72   71      161.
   72   72      343.
   72   73        2.
   72   81       29.
   72   82       63.
   72   83        1.
   72   91        2.
   72   92       11.
   72  102        2.

   74   43        1.
   74   44        2.
   74   53       24.
   74   54       91.
   74   55       32.
   74   63      122.
   74   64      896.
   74   65      582.
   74   66       23.
   74   72       12.
   74   73      917.
   74   74     2969.
   74   75      943.
   74   76       39.
   74   82       17.
   74   83     1137.
   74   84     2097.
   74   85      606.
   74   86       15.
   74   92        5.
   74   93      104.
   74   94      496.
   74   95      331.
   74   96       15.
   74  102        2.
   74  103       38.
   74  104      363.
   74  105      186.
   74  106        4.
   74  113      110.
   74  114      254.
   74  115       59.
   74  116        2.
   74  123       56.
   74  124      108.
   74  125       22.
   74  133       19.
   74  134       54.
   74  135       27.
   74  136        1.
   74  143        2.
   74  144        3.
   74  145       14.

   75   43        3.
   75   44       56.
   75   45        3.
   75   53       27.
   75   54      673.
   75   55      308.
   75   63      122.
   75   64     2393.
   75   65     1077.
   75   66        7.
   75   73      147.
   75   74     3263.
   75   75     2071.
   75   76       14.
   75   83       34.
   75   84     1200.
   75   85      972.
   75   86        7.
   75   93        8.
   75   94      121.
   75   95      135.
   75   96        9.
   75  103        1.
   75  104       39.
   75  105       42.
   75  106        7.
   75  114        4.
   75  115        3.
   75  116        6.
   75  126        1.
   75  127        1.
   75  137        3.
   75  146        1.
   75  147        7.
   75  148        1.
   75  157        9.
   75  158       14.
   75  167        4.
   75  168        7.

   76   34        2.
   76   35      149.
   76   36     1382.
   76   37        4.
   76   44        9.
   76   45      703.
   76   46     1576.
   76   47        1.
   76   54        3.
   76   55      319.
   76   56      970.
   76   65      293.
   76   66     1686.
   76   67        4.
   76   74        2.
   76   75      396.
   76   76     2984.
   76   77       38.
   76   85      122.
   76   86     1035.
   76   87       41.
   76   95       17.
   76   96      322.
   76   97       31.
   76  105       24.
   76  106      226.
   76  107       47.
   76  115       15.
   76  116      227.
   76  117       32.
   76  125        3.
   76  126       99.
   76  127       12.
   76  135        1.
   76  136       22.
   76  137        3.

   77   45       57.
   77   46       33.
   77   55      108.
   77   56      101.
   77   65       59.
   77   66      241.
   77   67       29.
   77   75       66.
   77   76     1799.
   77   77     1122.
   77   85       92.
   77   86     2010.
   77   87     1009.
   77   95       90.
   77   96     1430.
   77   97      352.
   77  105       55.
   77  106     1783.
   77  107      305.
   77  115       37.
   77  116     1365.
   77  117      157.
   77  125       44.
   77  126      343.
   77  127       18.
   77  135       21.
   77  136       64.
   77  145        7.
   77  146        3.

   82   21        1.
   82   31       86.
   82   32       38.
   82   41      185.
   82   42       89.
   82   43        4.
   82   51     3125.
   82   52      813.
   82   53       29.
   82   61     2446.
   82   62     1503.
   82   63      112.
   82   71      150.
   82   72      876.
   82   73       81.
   82   81       70.
   82   82     1621.
   82   83      118.
   82   91       25.
   82   92     1022.
   82   93       99.
   82  101        6.
   82  102      197.
   82  103       49.
   82  112       20.
   82  113       26.
   82  122        4.
   82  123        4.
   82  133        1.

   83   32       25.
   83   33        6.
   83   42       20.
   83   43        6.
   83   51       86.
   83   52      245.
   83   53       31.
   83   61       63.
   83   62      621.
   83   63      163.
   83   71       12.
   83   72      510.
   83   73      284.
   83   81        2.
   83   82     1067.
   83   83      493.
   83   84       20.
   83   92      859.
   83   93      670.
   83   94       30.
   83  102      185.
   83  103      236.
   83  104        8.
   83  112       30.
   83  113      165.
   83  114        3.
   83  122       10.
   83  123       54.
   83  124        4.
   83  132       15.
   83  133       29.
   83  142       13.
   83  143       24.
   83  152        4.
   83  153        6.
   83  163        1.

   84   44        4.
   84   45        7.
   84   53       10.
   84   54       23.
   84   55       38.
   84   56        1.
   84   63       55.
   84   64      294.
   84   65      356.
   84   66       23.
   84   73      294.
   84   74     1556.
   84   75      772.
   84   76       51.
   84   82        1.
   84   83      420.
   84   84     2450.
   84   85      725.
   84   86        7.
   84   93      216.
   84   94     1480.
   84   95      413.
   84   96        7.
   84  103      190.
   84  104     1297.
   84  105      255.
   84  106        2.
   84  113      243.
   84  114      841.
   84  115      118.
   84  123       81.
   84  124      297.
   84  125       39.
   84  133       32.
   84  134       98.
   84  135       15.
   84  143        8.
   84  144       34.
   84  145       19.
   84  154       15.
   84  155       13.

   85   33       37.
   85   34       27.
   85   36        1.
   85   43       19.
   85   44       56.
   85   45        6.
   85   46       26.
   85   53       10.
   85   54      345.
   85   55       81.
   85   56       29.
   85   63       29.
   85   64     1514.
   85   65      898.
   85   66       14.
   85   67       11.
   85   73      113.
   85   74     2975.
   85   75     2194.
   85   76       86.
   85   77       66.
   85   83      124.
   85   84     1326.
   85   85     1405.
   85   86      238.
   85   87       75.
   85   93       13.
   85   94      280.
   85   95      237.
   85   96      138.
   85   97       37.
   85  103       15.
   85  104      122.
   85  105      115.
   85  106       40.
   85  107       15.
   85  113        6.
   85  114       50.
   85  115       19.
   85  116        2.
   85  117        4.
   85  124        2.

   86   25        2.
   86   35      123.
   86   36     1144.
   86   37        1.
   86   45      322.
   86   46     1378.
   86   55      213.
   86   56      651.
   86   57        1.
   86   65      176.
   86   66     1121.
   86   67        2.
   86   74        2.
   86   75      358.
   86   76     2786.
   86   77       49.
   86   84        9.
   86   85      342.
   86   86     1900.
   86   87       62.
   86   94        6.
   86   95      194.
   86   96      653.
   86   97       47.
   86  104        1.
   86  105       42.
   86  106      431.
   86  107       80.
   86  115       20.
   86  116      342.
   86  117       57.
   86  125        6.
   86  126      151.
   86  127       18.
   86  135        2.
   86  136       66.
   86  137       11.
   86  146       17.
   86  147        3.
   86  156       10.
   86  166        1.

   87   35       12.
   87   36       29.
   87   45       59.
   87   46       66.
   87   55       91.
   87   56      101.
   87   65       56.
   87   66      225.
   87   67       20.
   87   75       79.
   87   76     1385.
   87   77      788.
   87   85       74.
   87   86     1642.
   87   87      898.
   87   95       41.
   87   96     1367.
   87   97      426.
   87  105       34.
   87  106     1682.
   87  107      330.
   87  115       23.
   87  116     1590.
   87  117      291.
   87  125       15.
   87  126      695.
   87  127      134.
   87  135       20.
   87  136      324.
   87  137       77.
   87  145        7.
   87  146      145.
   87  147       13.
   87  155        8.
   87  156       29.
   87  157        3.
   87  165       10.
   87  166        5.
   87  175        4.
   87  176        2.

   92   31       10.
   92   32        4.
   92   33        5.
   92   41       26.
   92   42       45.
   92   43       37.
   92   51      819.
   92   52      359.
   92   53       30.
   92   61      688.
   92   62     1455.
   92   63      216.
   92   71       25.
   92   72     1661.
   92   73      253.
   92   81       24.
   92   82     3260.
   92   83      352.
   92   91        2.
   92   92     2503.
   92   93      299.
   92   94        2.
   92  101        1.
   92  102      493.
   92  103       59.
   92  104        1.
   92  112      102.
   92  113       35.
   92  122       10.
   92  123       11.
   92  132        2.
   92  133        9.
   92  143        2.

   93   32        1.
   93   41        1.
   93   42       12.
   93   43        5.
   93   51       92.
   93   52      237.
   93   53       15.
   93   61       64.
   93   62     1054.
   93   63      220.
   93   71        2.
   93   72      813.
   93   73      405.
   93   74        4.
   93   82     1129.
   93   83      460.
   93   84       18.
   93   85        4.
   93   91        1.
   93   92      921.
   93   93      519.
   93   94       72.
   93   95        1.
   93  102      209.
   93  103      211.
   93  104       15.
   93  105        1.
   93  112       68.
   93  113      138.
   93  114        1.
   93  122       16.
   93  123       77.
   93  124        1.
   93  132        1.
   93  133       12.

   94   43        1.
   94   44        2.
   94   53        9.
   94   54       33.
   94   55        4.
   94   56        1.
   94   63       33.
   94   64       98.
   94   65       88.
   94   66       13.
   94   72        1.
   94   73      123.
   94   74      379.
   94   75      334.
   94   76       18.
   94   82        2.
   94   83      229.
   94   84      902.
   94   85      364.
   94   86       13.
   94   92        1.
   94   93      318.
   94   94     1805.
   94   95      324.
   94   96       23.
   94  103      478.
   94  104     2371.
   94  105      258.
   94  106       36.
   94  112        2.
   94  113      935.
   94  114     1886.
   94  115      162.
   94  116       18.
   94  123      487.
   94  124      539.
   94  125       39.
   94  126        4.
   94  133      155.
   94  134      146.
   94  135       12.
   94  143       47.
   94  144       52.
   94  145        3.
   94  153        2.
   94  154       47.
   94  155        2.
   94  164        1.

   95   35      143.
   95   36       55.
   95   44        2.
   95   45      443.
   95   46      238.
   95   54        1.
   95   55      473.
   95   56      396.
   95   64        1.
   95   65      197.
   95   66      287.
   95   67        3.
   95   75      121.
   95   76      485.
   95   77       36.
   95   85      196.
   95   86      825.
   95   87       47.
   95   95      220.
   95   96     1043.
   95   97       43.
   95  105      160.
   95  106      854.
   95  107       62.
   95  115       48.
   95  116      556.
   95  117       40.
   95  125       20.
   95  126      176.
   95  127       19.
   95  135        8.
   95  136       57.
   95  137       12.
   95  145        1.
   95  146       17.
   95  147        4.
   95  156        7.
   95  165        1.
   95  166        3.

   96   35       95.
   96   36      590.
   96   37        1.
   96   44        1.
   96   45      353.
   96   46      773.
   96   55      181.
   96   56      552.
   96   65      129.
   96   66     1081.
   96   67        3.
   96   75      161.
   96   76     2572.
   96   77       82.
   96   84        1.
   96   85      208.
   96   86     2139.
   96   87       59.
   96   95      131.
   96   96     1326.
   96   97       63.
   96  105       77.
   96  106      919.
   96  107       95.
   96  115       21.
   96  116      659.
   96  117       68.
   96  125       11.
   96  126      241.
   96  127       28.
   96  135        7.
   96  136       71.
   96  137        9.
   96  145        9.
   96  146       40.
   96  156       22.
   96  157        2.
   96  165        1.
   96  166       18.
   96  176        1.

   97   35        7.
   97   45       79.
   97   46       36.
   97   55      110.
   97   56       87.
   97   65       43.
   97   66      175.
   97   67       23.
   97   75       47.
   97   76     1292.
   97   77      666.
   97   85       51.
   97   86     1563.
   97   87      795.
   97   95       52.
   97   96     1546.
   97   97      580.
   97  105       50.
   97  106     2005.
   97  107      347.
   97  115       28.
   97  116     1977.
   97  117      273.
   97  125       20.
   97  126      688.
   97  127       68.
   97  135       19.
   97  136      126.
   97  137       16.
   97  145        4.
   97  146       18.
   97  147        1.
   97  155        2.
   97  156        6.

